0.353 0.744 0.59 0.354 0 0.501 0.259 0.617 1
0.059 0.427 0.541 0.293 0 0.396 0.145 0.383 0
0.471 0.92 0.525 0 0 0.347 0.278 0.395 1
0.059 0.447 0.541 0.232 0.111 0.419 0.069 0.259 0
0 0.688 0.328 0.354 0.199 0.642 0.945 0.407 1
0.294 0.583 0.607 0 0 0.382 0.083 0.37 0
0.176 0.392 0.41 0.323 0.104 0.462 0.102 0.321 1
0.588 0.578 0 0 0 0.526 0.055 0.358 0
0.118 0.99 0.574 0.455 0.642 0.455 0.065 0.654 1
0.471 0.628 0.787 0 0 0 0.096 0.667 1
0.235 0.553 0.754 0 0 0.56 0.079 0.37 0
0.588 0.844 0.607 0 0 0.566 0.222 0.42 1
0.588 0.698 0.656 0 0 0.404 0.595 0.704 0
0.059 0.95 0.492 0.232 1 0.449 0.164 0.728 1
0.294 0.834 0.59 0.192 0.207 0.385 0.243 0.63 1
0.412 0.503 0 0 0 0.447 0.2 0.395 1
0 0.593 0.689 0.475 0.272 0.683 0.228 0.383 1
0.412 0.538 0.607 0 0 0.441 0.105 0.383 1
0.059 0.518 0.246 0.384 0.098 0.645 0.076 0.407 0
0.059 0.578 0.574 0.303 0.113 0.516 0.219 0.395 1
0.176 0.633 0.721 0.414 0.278 0.586 0.291 0.333 0
0.471 0.497 0.689 0 0 0.528 0.16 0.617 0
0.412 0.985 0.738 0 0 0.593 0.186 0.506 1
0.529 0.598 0.656 0.354 0 0.432 0.109 0.358 1
0.647 0.719 0.77 0.333 0.173 0.545 0.105 0.63 1
0.588 0.628 0.574 0.263 0.136 0.463 0.085 0.506 1
0.412 0.739 0.623 0 0 0.587 0.106 0.531 1
0.059 0.487 0.541 0.152 0.165 0.346 0.201 0.272 0
0.765 0.729 0.672 0.192 0.13 0.331 0.101 0.704 0
0.294 0.588 0.754 0 0 0.508 0.139 0.469 0
0.294 0.548 0.615 0.263 0 0.537 0.226 0.741 0
0.176 0.794 0.623 0.364 0.29 0.471 0.352 0.346 1
0.176 0.442 0.475 0.111 0.064 0.37 0.11 0.272 0
0.353 0.462 0.754 0 0 0.297 0.078 0.346 0
0.588 0.613 0.639 0.313 0 0.411 0.212 0.556 0
0.235 0.518 0.492 0.333 0.227 0.358 0.399 0.407 0
0.647 0.693 0.623 0 0 0.495 0.174 0.432 0
0.529 0.513 0.623 0.374 0 0.49 0.275 0.568 1
0.118 0.452 0.557 0.424 0 0.569 0.208 0.333 1
0.235 0.558 0.59 0.475 0.245 0.553 0.574 0.691 1
0.176 0.905 0.525 0.253 0.083 0.507 0.112 0.321 0
0.412 0.668 0.689 0 0 0.599 0.288 0.457 0
0.412 0.533 0.754 0.182 0 0.338 0.097 0.593 0
0.529 0.859 0.902 0.242 0.284 0.677 0.298 0.667 1
0.412 0.799 0.525 0 0 0.408 0.121 0.494 0
0 0.905 0.541 0.394 0 0.626 0.782 0.309 1
0.059 0.734 0.459 0 0 0.443 0.233 0.358 0
0.118 0.357 0.574 0.273 0 0.417 0.242 0.272 0
0.412 0.518 0.541 0.323 0 0.583 0.142 0.383 1
0.412 0.528 0 0 0 0 0.126 0.296 0
0.059 0.518 0.656 0.111 0.097 0.289 0.203 0.272 0
0.059 0.508 0.41 0.152 0.043 0.361 0.217 0.321 0
0.294 0.442 0.541 0.212 0.027 0.364 0.141 0.37 0
0.471 0.884 0.738 0.343 0.355 0.502 0.193 0.716 1
0.412 0.754 0.541 0.424 0.404 0.517 0.297 0.519 0
0.059 0.367 0.41 0.101 0 0.343 0.102 0.259 0
0.412 0.94 0.557 0.394 0.359 0.562 0.105 0.506 1
0 0.503 0.721 0.606 0.13 0.697 0.398 0.383 0
0 0.734 0.672 0 0 0.604 0.736 0.543 0
0 0.528 0.525 0.414 0.168 0.618 0.071 0.272 0
0.118 0.422 0 0 0 0 0.126 0.259 0
0.471 0.668 0.59 0 0 0.49 0.112 0.481 1
0.294 0.221 0.508 0 0 0.373 0.243 0.444 0
0.118 0.709 0.475 0.343 0.151 0.379 0.289 0.296 0
0.412 0.573 0.541 0 0 0.489 0.107 0.519 1
0.294 0.497 0.607 0.273 0 0.432 0.084 0.395 0
0 0.548 0.721 0.303 0 0.484 0.353 0.469 1
0.118 0.548 0.754 0 0 0.636 0.349 0.667 0
0.059 0.477 0.541 0.131 0.045 0.292 0.138 0.309 0
0.235 0.734 0.697 0.273 0.118 0.431 0.078 0.333 0
0.118 0.503 0.541 0.202 0.106 0.49 0.358 0.346 1
0.294 0.698 0.525 0.354 0.165 0.426 0.17 0.321 0
0.765 0.633 0.738 0 0 0.647 0.241 0.519 1
0.235 0.648 0.705 0.202 0.319 0.523 0.095 0.284 0
0.059 0.397 0.615 0.303 0 0.477 0.164 0.272 0
0.059 0 0.393 0.202 0 0.368 0.058 0.272 0
0.412 0.312 0.639 0 0 0.486 0.162 0.506 0
0.294 0.477 0.59 0.333 0 0.562 0.153 0.333 0
0 0.658 0 0 0 0.644 0.112 0.321 1
0.118 0.563 0.541 0.222 0 0.373 0.127 0.296 0
0.176 0.568 0.361 0.131 0 0.334 0.058 0.272 0
0.118 0.372 0 0 0 0 0.042 0.272 0
0.412 0.417 0.639 0.263 0.084 0.437 0.317 0.444 0
0 0.508 0.533 0.283 0 0.367 0.098 0.272 0
0.294 0.688 0.885 0 0 0.727 0.094 0.457 1
0.118 0.553 0.607 0.293 0.148 0.483 0.288 0.333 0
0.765 0.533 0.59 0.545 0 0.545 0.074 0.556 0
0.118 0.503 0.557 0.253 0.084 0.574 0.134 0.321 0
0.882 0.683 0.574 0.323 0.13 0.553 0.063 0.531 1
0.059 0.538 0.557 0.192 0 0.395 0.068 0.296 0
0.059 0.402 0.451 0 0 0.285 0.107 0.259 0
0.235 0.618 0.656 0.152 0.208 0.477 0.183 0.42 0
0.412 0.407 0.639 0.404 0.057 0.696 0.108 0.519 0
0.235 0.673 0.59 0 0 0.355 0.114 0.741 1
0.118 0.714 0.672 0.182 0.076 0.368 0.314 0.259 0
0.353 0.724 0.59 0.273 0.27 0.505 0.105 0.494 0
0.118 0.462 0.508 0.283 0 0.471 0.054 0.296 0
0.059 0.357 0.393 0.182 0.09 0.304 0.133 0.272 0
0.353 0.467 0.41 0.303 0.076 0.428 0.147 0.284 0
0.059 0.613 0.738 0.515 0.26 0.741 0.134 0.383 1
0.059 0.819 0.59 0 0 0.581 0.505 0.407 1
0.059 0.759 0.492 0 0 0.389 0.074 0.272 0
0 0.628 0.787 0 0 0.335 0.108 0.259 0
0.059 0.407 0.59 0.182 0.047 0.396 0.117 0.296 0
0.118 0.427 0.533 0 0 0.59 0.384 0.333 0
0.059 0.633 0.459 0.293 0.18 0.428 0.331 0.259 0
0.059 0.482 1 0 0 0.334 0.086 0.333 0
0.235 0.724 0.475 0.283 0.165 0.44 0.119 0.457 0
0.176 0.417 0.475 0.313 0.021 0.511 0.139 0.309 0
0 0.477 0.697 0.253 0.043 0.557 0.102 0.296 1
0.176 0.859 0.59 0.333 0.16 0.496 0.082 0.296 1
0.471 0.779 0.508 0.263 0.585 0.507 0.224 0.568 1
0.059 0.447 0.623 0.343 0.044 0.465 0.079 0.284 0
0.235 0.382 0.508 0 0 0.507 0.162 0.309 0
0.412 0.804 0.443 0.323 0.207 0.455 0.243 0.481 1
0.235 0.734 0.754 0 0 0.465 0.223 0.753 1
0.294 0.623 0.607 0 0 0.507 0.091 0.469 1
0.294 0.392 0.393 0 0 0.502 0.27 0.309 0
0.235 0.487 0.492 0.232 0 0.42 0.183 0.272 0
0.235 0.497 0.623 0.152 0.06 0.346 0.092 0.259 0
0 0.814 0.623 0.566 0.118 0.793 0.314 0.309 1
0.353 0.558 0.525 0.394 0 0.51 0.107 0.296 0
0.118 0.538 0.607 0.303 0.118 0.501 0.167 0.284 0
0.294 0.663 0.656 0 0 0.399 0.077 0.852 0
0 0.568 0.623 0 0 0.496 0.115 0.284 1
0.059 0.442 0.246 0.424 0.117 0.82 0.205 0.321 1
0.176 0.603 0.574 0.303 0.16 0.639 0.187 0.37 0
0.059 0.593 0.475 0.364 0.111 0.496 0.108 0.284 0
0.059 0.588 0.721 0.242 0.171 0.514 0.167 0.494 1
0 0.528 0.689 0 0 0.416 0.306 0.765 1
0.235 0.869 0.574 0.141 0.199 0.443 0.149 0.407 1
0.529 0.613 0.459 0 0 0.496 0.46 0.407 1
0.176 0.854 0.525 0.374 0.266 0.514 0.147 0.37 1
0.471 0.422 0.607 0.313 0 0.571 0.189 0.481 0
0.118 0.482 0.557 0.131 0.058 0.314 0.267 0.321 0
0.118 0.628 0.492 0.202 0.165 0.504 0.036 0.383 0
0 0.503 0.574 0.263 0.059 0.459 0.247 0.259 0
0 0.467 0.492 0.253 0.109 0.428 0.22 0.272 0
0 0.648 0.656 0 0 0.465 0.29 0.358 0
0.294 0.528 0.59 0.293 0.384 0.55 0.066 0.346 0
0.176 0.643 0.639 0 0 0.314 0.111 0.679 0
0.294 0.533 0.672 0.303 0 0.589 0.118 0.469 0
0.118 0.543 0.426 0.263 0.074 0.484 0.131 0.272 0
0.588 0.543 0.541 0 0 0.483 0.112 0.519 1
0.235 0.774 0.508 0.313 0.336 0.489 0.098 0.284 0
0 0.513 0.615 0.232 0 0 0.236 0.259 0
0.529 0.286 0.656 0.374 0 0.489 0.04 0.506 0
0.118 0.533 0.525 0.354 0.141 0.455 0.579 0.42 0
0.294 0.739 0.639 0 0 0.502 0.09 0.802 0
0.118 0.452 0.574 0.172 0 0.407 0.035 0.272 0
0.059 0.683 0.607 0.505 0.241 0.557 0.165 0.296 0
0.235 0.573 0.533 0 0 0.326 0.179 0.457 0
0.529 0.784 0.705 0.283 0.183 0.511 0.491 0.519 1
0.059 0.769 0.672 0.424 0.573 0.605 0.284 0.284 0
0.471 0.945 0.639 0 0 0.714 0.057 0.531 1
0.412 0.764 0.721 0.444 0 0.745 0.139 0.444 1
0.118 0.497 0.426 0.152 0.111 0.367 0.263 0.259 0
0.059 0.548 0.459 0.212 0.16 0.376 0.344 0.284 0
0.118 0.442 0.607 0.192 0.063 0.432 0.095 0.272 0
1 0.819 0.59 0.414 0.135 0.61 0.338 0.58 1
0.235 0.759 0.738 0.384 0 0.443 0.121 0.444 0
0.412 0.513 0.607 0.404 0.124 0.554 0.084 0.556 0
0 0.573 0.656 0.343 0.337 0.659 0.069 0.333 0
0.118 0.503 0.525 0.232 0 0.443 0.152 0.259 0
0 0.658 0.721 0 0 0.471 0.307 0.395 1
0.353 0.523 0.607 0.182 0.184 0.446 0.298 0.506 1
0.176 0.744 0.541 0.253 0 0.484 0.106 0.272 0
0.235 0.603 0.557 0 0 0.441 0.293 0.42 0
0.235 0.553 0.541 0 0 0.475 0.195 0.358 0
0.176 0.558 0.738 0.121 0.092 0.423 0.205 0.358 0
0.353 0.513 0.672 0 0 0.459 0.074 0.444 1
0.353 0.673 0.574 0.232 0.154 0.528 0.224 0.358 1
0.118 0.437 0 0.232 0 0.431 0.319 0.309 0
0.059 0.397 0.492 0.424 0.057 0.648 0.28 0.284 0
0.118 0.377 0.525 0.242 0.065 0.443 0.153 0.407 0
0.471 0.899 0.59 0.424 0.154 0.487 0.297 0.444 1
0.353 0.427 0.639 0 0 0.465 0.158 0.519 0
0 0.648 0.902 0.465 0.154 1 0.132 0.321 1
0.294 0.719 0.639 0 0 0.671 0.079 0.58 0
0.294 0.653 0.672 0 0 0.583 0.395 0.457 1
0.353 0.437 0.656 0 0 0.346 0.035 0.395 0
0 0.598 0.525 0.182 0.109 0.52 0.3 0.284 0
0.059 0 0.607 0.202 0.027 0.413 0.124 0.259 0
0.294 0.367 0.492 0 0 0.399 0.111 0.333 0
0.235 0.709 0.607 0 0 0.411 0.101 0.494 0
0.412 0.975 0.557 0.283 0 0.535 0.308 0.506 1
0.471 0.91 0.557 0.364 0.585 0.449 0.254 0.741 1
0.059 0.643 0.803 0.414 0.069 0.477 0.546 0.407 1
0.471 0.548 0.623 0.394 0.135 0.416 0.264 0.383 1
0.294 0.698 0.656 0.354 0.189 0.471 0.149 0.309 1
0.176 0.558 0.508 0 0 0.337 0.059 0.259 0
0.529 0.618 0.574 0.444 0.111 0.493 0.155 0.494 0
0.412 0.799 0.541 0 0 0.453 0.158 0.444 1
0.647 0.678 0 0 0 0.779 0.239 0.494 1
0.471 0.427 0.451 0.202 0 0.364 0.056 0.519 0
0.294 0.794 0.689 0.414 0.248 0.587 0.163 0.358 1
0.059 0.528 0.475 0 0 0.362 0.077 0.259 0
0.176 0.538 0.508 0.131 0.057 0.341 0.28 0.284 1
0.235 0.548 0.525 0.444 0.117 0.519 0.374 0.321 1
0.235 0.744 0.492 0.273 0.376 0.461 0.062 0.358 1
0 0.568 0.656 0.162 0 0.462 0.361 0.259 0
0.059 0.693 0.672 0 0 0.598 0.098 0.346 0
0 0.543 0.557 0.202 0 0.407 0.325 0.395 0
0.118 0.497 0.574 0.162 0.052 0.304 0.097 0.333 0
0.353 0.518 0.59 0.323 0.225 0.562 0.134 0.679 0
0.294 0.558 0.59 0.283 0 0.356 0.168 0.333 0
0.471 0.985 0.623 0.293 0.331 0.559 0.25 0.704 1
0.294 0.814 0.852 0 0 0.562 0.062 0.642 1
0.059 0.482 0.525 0.273 0.103 0.495 0.119 0.259 0
0.412 0.925 0.689 0.333 0 0.529 0.147 0.506 1
0.118 0.407 0.492 0.222 0 0.413 0.12 0.309 0
0 0.739 0.697 0.545 0 0.638 0.155 0.296 0
0.412 0.899 0.779 0.313 0 0.51 0.068 0.741 0
0 0.704 0.533 0.263 0.154 0.635 0.178 0.296 1
0.529 0.563 0.672 0.323 0.207 0.51 0.107 0.444 1
0.706 0.759 0.574 0.404 0.32 0.623 0.307 0.469 1
0.294 0.548 0.508 0.414 0.152 0.534 0.212 0.309 1
0.353 0.628 0.557 0.303 0.142 0.447 0.192 0.395 0
0.294 0.427 0.607 0.222 0 0.432 0.506 0.395 1
0.294 0.563 0.541 0 0 0.563 0.108 0.506 1
0 0.889 0.492 0.293 0.565 0.516 0.443 0.259 1
0.118 0.794 0.738 0 0 0.471 0.333 0.815 1
0.412 0.598 0 0 0 0.376 0.086 0.457 0
0.412 0.714 0.492 0.333 0.225 0.429 0.284 0.753 0
0.059 0.503 0.541 0.152 0.066 0.352 0.275 0.321 0
0.059 0.437 0.639 0.273 0.038 0.516 0.042 0.272 0
0 0.508 0.623 0 0 0.532 0.082 0.321 0
0.176 0.814 0.426 0.384 0 0.554 0.269 0.296 1
0.235 0.99 0.574 0.394 0.879 0.547 0.962 0.383 0
0 0.588 0.656 0.313 0.063 0.674 0.037 0.296 0
0.235 0.714 0.705 0 0 0.656 0.267 0.272 1
0.353 0.673 0.656 0.374 0.437 0.689 0.098 0.568 1
0.059 0.397 0.656 0.253 0.044 0.379 0.241 0.272 0
0.235 0.613 0.557 0 0 0.522 0.163 0.358 0
0.176 0.372 0.557 0.283 0.053 0.443 0.121 0.284 0
0.235 0.859 0.59 0 0 0.65 0.198 0.321 1
0.412 0.91 0.689 0.212 0.227 0.535 0.242 0.63 1
0 0.899 0.738 0.273 0 0.657 0.283 0.284 1
0.529 0.824 0.689 0.212 0 0.459 0.343 0.395 1
0 0.523 0.623 0 0 0.274 0.24 0.333 0
0.059 0.457 0.525 0.242 0 0.435 0.079 0.259 0
0.235 0.457 0.574 0.323 0.104 0.493 0.184 0.272 0
0.176 0.698 0.443 0 0 0.382 0.166 0.272 1
0.353 0.598 0.41 0.222 0.208 0.404 0.545 0.407 1
0.118 0.734 0.623 0.354 0.229 0.569 0.136 0.358 0
0.529 0.925 0.697 0.152 0 0.447 0.501 0.605 1
0.588 0.613 0.557 0 0 0.465 0.107 0.506 0
0 0.829 0.738 0.333 0.804 0.779 0.176 0.284 0
0.529 0.623 0.574 0.333 0.475 0.528 0.117 0.42 0
0.059 0.558 0.705 0.192 0 0.449 0.059 0.284 0
0.529 0.533 0.426 0 0 0.465 0.157 0.519 0
0.118 0.648 0.689 0 0 0.417 0.117 0.333 0
0.118 0.452 0.656 0.141 0.065 0.364 0.103 0.296 0
0 0.432 0.557 0.323 0 0.534 0.098 0.309 0
0.706 0.462 0.508 0.071 0.305 0.411 0.383 0.543 1
0.059 0.568 0.525 0.354 0 0.501 0.224 0.259 1
0.176 0.558 0.459 0.394 0 0.449 0.23 0.37 0
0.118 0.573 0.557 0.222 0 0.428 0.038 0.309 0
0.059 0.97 0.41 0.162 0.443 0.386 0.271 0.296 0
0.647 0.779 0.623 0.283 0.177 0.496 0.559 0.63 1
0.176 0.96 0.557 0.152 0.154 0.461 0.124 0.42 0
0.176 0.709 0 0 0 0.447 0.314 0.333 1
0.235 0.477 0.574 0.323 0 0.478 0.253 0.296 0
0.176 0.714 0.656 0.152 0 0.483 0.083 0.778 0
0.235 0.618 0.508 0 0 0.477 0.093 0.432 1
0.294 0.482 0.607 0.182 0.079 0.501 0.412 0.531 0
0 0.693 0 0 0 0.541 0.386 0.309 1
0.118 0.643 0.525 0.424 0 0.596 0.455 0.296 0
0 0.513 0.426 0 0 0.374 0.032 0.259 0
0.118 0.734 0 0 0 0.41 0.099 0.346 1
0.588 0.508 0.705 0.374 0 0.68 0.469 0.469 1
0.118 0.543 0.508 0.323 0.066 0.376 0.053 0.259 0
0.176 0.613 0.639 0 0 0.343 0.105 0.494 0
0.059 0.357 0.639 0.505 0.053 0.495 0.174 0.259 0
0.765 0.533 0.574 0 0 0.51 0.104 0.642 0
0.118 0.503 0.574 0.525 0.067 0.604 0.28 0.309 0
0.412 0.533 0.492 0.242 0 0.395 0.122 0.358 1
0 0.523 0.525 0.232 0.137 0.414 0.188 0.284 0
0.294 0.573 0.607 0 0 0.371 0.307 0.704 0
0.118 0.543 0.508 0.101 0.329 0.377 0.364 0.272 0
0 0.734 0.574 0 0 0.565 0.138 0.346 1
0.588 0.648 0.623 0.283 0.144 0.535 0.116 0.481 0
0.412 0.668 0.721 0.152 0.183 0.483 0.108 0.457 0
0.412 0.809 0.705 0 0 0.453 0.068 0.58 1
0.118 0.543 0.656 0 0 0.402 0.107 0.642 1
0.412 0.683 0.607 0.263 0.16 0.387 0.267 0.63 0
0.294 0.779 0.689 0.444 0.644 0.577 0.256 0.42 0
0.059 0.598 0.705 0.394 0.26 0.68 0.334 0.358 1
0.235 0.482 0.459 0.172 0.058 0.31 0.14 0.321 0
0.294 0.543 0.59 0.434 0.089 0.538 0.109 0.407 0
0 0.392 0.721 0.293 0.047 0.55 0.179 0.259 0
0 0.538 0.508 0.303 0.087 0.545 0.313 0.309 1
0.118 0.643 0.639 0.374 0.215 0.645 0.506 0.383 1
0.059 0.643 0.393 0.455 0.229 0.604 0.253 0.296 1
0 0.809 0.41 0 0 0.326 0.105 0.802 0
0.353 0.759 0.508 0.313 0.142 0.529 0.286 0.346 0
0.118 0.734 0.574 0.384 0.426 0.417 0.139 0.358 1
0 0.633 0.689 0.293 0.254 0.458 0.215 0.296 0
0.824 0.503 0.639 0.253 0.217 0.545 0.17 0.568 1
0.471 0.563 0.59 0 0 0.352 0.347 0.716 0
0 0.839 0 0 0 0.481 0.347 0.37 1
0.118 0.724 0.475 0.333 0.16 0.471 0.174 0.309 1
0.294 0.387 0.672 0.414 0.05 0.534 0.064 0.432 0
0.294 0.578 0.803 0 0 0.788 0.086 0.346 1
0.176 0.754 0.623 0 0 0.313 0.086 0.457 0
0.118 0.603 0.623 0.374 0.124 0.592 0.089 0.358 0
0.588 0.809 0.557 0.232 0.156 0.38 0.135 0.58 1
0 0.688 0.557 0.141 0.175 0.37 0.059 0.259 0
0 0.643 0.557 0.192 0.213 0.455 0.575 0.309 1
0.118 0.623 0.557 0.283 0.242 0.49 0.362 0.37 1
0.353 0.402 0.541 0.303 0 0.39 0.129 0.506 0
0 0.533 0.574 0.374 0.175 0.587 0.25 0.272 0
0.118 0.779 0.607 0.172 0.113 0.396 0.179 0.333 1
0.176 0.568 0.41 0.101 0.1 0.44 0.259 0.309 0
0.412 0.548 0.656 0.313 0 0.535 0.466 0.531 1
0.118 0.563 0.557 0.222 0.111 0.508 0.13 0.321 0
0.176 0.497 0.656 0.111 0.076 0.288 0.117 0.37 0
0.176 0.915 0.607 0 0 0.455 0.143 0.358 1
0.176 0.578 0.541 0.394 0.165 0.568 0.062 0.346 0
0.353 0.975 0.639 0 0 0.35 0.053 0.728 1
0.235 0.648 0.492 0.121 0.273 0.41 0.218 0.383 0
0.176 0.563 0.607 0.303 0 0.471 0.081 0.309 1
0 0.623 0.574 0.202 0 0.408 0.105 0.444 1
0.765 0.764 0.738 0.333 0.034 0.399 0.302 0.531 1
0.118 0.563 0.615 0.323 0 0.532 0.061 0.259 0
0.059 0.789 0.59 0.212 0.199 0.382 0.051 0.296 0
0.059 0.613 0.525 0.323 0.184 0.523 0.286 0.37 1
0.588 0.899 0.574 0 0 0.523 0.083 0.457 0
0.118 0.513 0.705 0.364 0.142 0.678 0.052 0.284 1
0.353 0.528 0.574 0.323 0.08 0.459 0.05 0.457 0
0.471 0.593 0.59 0.192 0 0.344 0.61 0.568 0
0.118 0.437 0.475 0.162 0.061 0.487 0.069 0.309 0
0.059 0.905 0 0 0 0.645 0.117 0.506 1
0.706 0.533 0.656 0 0 0.352 0.057 0.543 0
0.059 0.477 0.492 0.182 0.069 0.356 0.107 0.272 0
0 0.829 0.623 0.434 0.301 0.714 0.107 0.321 0
0 0.588 0 0 0 0.504 0.385 0.543 0
0.294 0.578 0.623 0 0 0.465 0.142 0.543 1
0.529 0.764 0.639 0.343 0.202 0.51 0.369 0.407 1
0.412 0.894 0.689 0 0 0.595 0.137 0.506 1
0.059 0.653 0.574 0.131 0.124 0.386 0.195 0.272 0
0.059 0.477 0.607 0.212 0.086 0.386 0.278 0.444 0
0.059 0 0.557 0.354 0 0.477 0.161 0.272 0
0.294 0.613 0.705 0 0 0.517 0.12 0.407 0
0.471 0.477 0.59 0 0 0.548 0.2 0.704 0
0.471 0.633 0.721 0.364 0.128 0.574 0.144 0.605 0
0.059 0.698 0.377 0.192 0.098 0.428 0.27 0.272 0
0.176 0.583 0 0 0 0.35 0.077 0.284 0
0.176 0.497 0.508 0.192 0.087 0.325 0.115 0.321 0
0.294 0 0.656 0.323 0 0.611 0.143 0.457 1
0.235 0.462 0.656 0 0 0.629 0.098 0.358 0
0.235 0.688 0.689 0 0 0.465 0.104 0.37 0
0.176 0.307 0.672 0.283 0 0.513 0.1 0.568 0
0.059 0.452 0.508 0.121 0.051 0.405 0.24 0.296 0
0.176 0.452 0.639 0 0 0.636 0.231 0.259 0
0.529 0.829 0.721 0 0 0.453 0.125 0.605 1
0.059 0.628 0.41 0.404 0.197 0.496 0.398 0.346 1
0.765 0.648 0 0.303 0 0.595 0.235 0.543 1
0.706 0.442 0.607 0.404 0.064 0.526 0.156 0.593 0
0.059 0.985 0.623 0.364 0.294 0.544 0.362 0.358 1
0.294 0.95 0.525 0.333 0.384 0.465 0.241 0.358 1
0.294 0.794 0.574 0 0 0.444 0.086 0.778 0
0.294 0.518 0.885 0.374 0 0.584 0.126 0.802 0
0.235 0.734 0.639 0 0 0.574 0.215 0.827 1
0.235 0.739 0.607 0.253 0.346 0.52 0.159 0.37 0
0.294 0.497 0.443 0.283 0.098 0.507 0.206 0.37 0
0.353 0.623 0.59 0 0 0.411 0.152 0.358 1
0 0.508 0.525 0.172 0 0.313 0.104 0.259 0
0.176 0.407 0.705 0.162 0.078 0.41 0.126 0.272 0
0.059 0.668 0.836 0.283 0.165 0.489 0.097 0.556 1
0.176 0.869 0.672 0.485 0.55 0.572 0.883 0.309 1
0 0.593 0.525 0.232 0.105 0 0.715 0.259 0
0 0.422 0.525 0.222 0.078 0.534 0.225 0.259 0
0.118 0.528 0.475 0.404 0.111 0.52 0.093 0.309 0
0.118 0.613 0.426 0.434 0.187 0.539 0.337 0.346 0
0.706 0.704 0.672 0.434 0.384 0.584 0.218 0.716 1
0 0.492 0.672 0.152 0.099 0.376 0.124 0.272 0
0.059 0.437 0.492 0.374 0.089 0.554 0.21 0.272 0
0.235 0.784 0.615 0 0 0.72 0.098 0.395 1
0 0.467 0.82 0.394 0.085 0.647 0.422 0.432 0
0.059 0.538 0.59 0.303 0.097 0.459 0.339 0.296 0
0 0.528 0.557 0.222 0 0.298 0.098 0.272 0
0.059 0.548 0.492 0.081 0.215 0.379 0.391 0.259 0
0.059 0.452 0.508 0.182 0.07 0.374 0.524 0.309 0
0.059 0.628 0.574 0.242 0.13 0.362 0.091 0.309 0
0.059 0.598 0.443 0.131 0.059 0.332 0.085 0.296 0
0.294 0.583 0.607 0.293 0 0.481 0.273 0.432 1
0.471 0.528 0.82 0.364 0 0.645 0.099 0.556 1
0.294 0.724 0.672 0.263 0.337 0.477 0.187 0.716 1
0.176 0.503 0.557 0.232 0.096 0.471 0.392 0.346 0
0.059 0.503 0.541 0.293 0.232 0.477 0.183 0.519 0
0.294 0.834 0.623 0 0 0.681 0.14 0.333 1
0.059 0.658 0.525 0.141 0.491 0.353 0.161 0.259 0
0.235 0.583 0.59 0.121 0.103 0.329 0.191 0.457 0
0.235 0.794 0.639 0 0 0.49 0.332 0.383 1
0.118 0.638 0.475 0.242 0.325 0.413 0.661 0.309 0
0.176 0.482 0.459 0.343 0.136 0.368 0.39 0.481 0
0 0.658 0.541 0.404 0 0.511 0.081 0.272 1
0.176 0.412 0.574 0 0 0.314 0.161 0.309 0
0.176 0.97 0.574 0.313 0 0.52 0.1 0.309 1
0.235 0.477 0.525 0 0 0.477 0.067 0.383 1
0.353 0.688 0.5 0 0 0.361 0.062 0.679 0
0.294 0.683 0.689 0.414 0.104 0.522 0.118 0.432 1
0.529 0.362 0.639 0.253 0 0.471 0.116 0.469 0
0.294 0.844 0.525 0 0 0.49 0.056 0.506 1
0.118 0.618 0.393 0.323 0.195 0.627 0.215 0.321 0
0.235 0.578 0.59 0 0 0.431 0.155 0.568 1
0 0.508 0.508 0 0 0.326 0.139 0.309 0
0.471 0.99 0.607 0 0 0.386 0.492 0.481 1
0.059 0.864 0.557 0.495 0.684 0.632 0.29 0.346 1
0.353 0.513 0.738 0.394 0 0.532 0.279 0.346 0
0.059 0.563 0.59 0.303 0.208 0.513 0.218 0.309 0
0.059 0.719 0.689 0.232 0.366 0.632 0.445 0.272 0
0.059 0.719 0.607 0.222 0.072 0.39 0.106 0.259 0
0 0.693 0.492 0.354 0.197 0.516 0.221 0.259 1
0.176 0.869 0.689 0.333 0.56 0.532 0.107 0.272 1
0.059 0.487 0.557 0.212 0 0.405 0.452 0.272 0
0.235 0.724 0.672 0.323 0 0.574 0.229 0.457 1
0.059 0.417 0.557 0 0 0.271 0.258 0.333 0
0.176 0.648 0.525 0.293 0.136 0.393 0.09 0.346 1
0.059 0.598 0.721 0.414 0.201 0.675 0.21 0.321 0
0.118 0.472 0.557 0.182 0.09 0.387 0.232 0.259 0
0 0.513 0.525 0.465 0.092 0.605 0.205 0.259 0
0.118 0.578 0.525 0.222 0 0.459 0.174 0.259 0
0.471 0.759 0.639 0.323 0.248 0.639 0.213 0.444 1
0.235 0.925 0.639 0.394 0.327 0.551 0.109 0.383 1
0 0.472 0 0 0 0 0.106 0.309 0
0.059 0.91 0.525 0.303 0.213 0.508 0.136 0.469 1
0 0.678 0.77 0.465 0.171 0.605 0.117 0.321 0
0.059 0.477 0.672 0.253 0.213 0.522 0.096 0.531 1
0.118 0.497 0 0 0 0.331 0.045 0.284 0
0.176 0.447 0.607 0.162 0.1 0.453 0.228 0.469 0
0.059 0.402 0.607 0.111 0.071 0.447 0.218 0.272 0
0.118 0.698 0.615 0 0 0.382 0.069 0.358 0
0.059 0.452 0.557 0.081 0 0.365 0.47 0.444 0
0 0.709 0 0 0 0.632 0.085 0.358 1
0.706 0.704 0.697 0.333 0 0.557 0.101 0.506 0
0.294 0.739 0.615 0 0 0.446 0.179 0.346 0
0.059 0.487 0.574 0.152 0 0.271 0.061 0.259 0
0.353 0.538 0.721 0 0 0.548 0.3 0.383 0
0 0.95 0.852 0.253 0 0.511 0.18 0.506 1
0.118 0.417 0.541 0.232 0.059 0.48 0.205 0.272 0
0.235 0.588 0.525 0.273 0.142 0.495 0.095 0.296 0
0.471 0.543 0.574 0 0 0.455 0.395 0.407 1
0.235 0.588 0.508 0.121 0 0.443 0.157 0.37 1
0 0.905 0.639 0.636 0.017 0.885 1 0.309 1
0.059 0.503 0.59 0.121 0.083 0.377 0.272 0.346 0
0 0.477 0.656 0.455 0.109 0.544 0.136 0.321 0
0 0.523 0.525 0.374 0.076 0.501 0.211 0.272 1
0 0.603 0.607 0.182 0.074 0.455 0.118 0.321 0
0.059 0.412 0.525 0.131 0.112 0.316 0.171 0.284 0
0.118 0.673 0.574 0 0 0.431 0.224 0.284 1
0 0.457 0.557 0.323 0.248 0.595 0.157 0.309 0
0.118 0.598 0 0 0 0.292 0.344 0.889 0
0.118 0.503 0.443 0.283 0.124 0.563 0.206 0.296 0
0.824 0.879 0.508 0.303 0 0.501 0.088 0.469 1
0.059 0.678 0.443 0 0 0.398 0.284 0.765 0
0.294 0.432 0.557 0.283 0.084 0.45 0.15 0.296 0
0.588 0.744 0.689 0.485 0.28 0.56 0.414 0.63 1
0.529 0.673 0.607 0.333 0.071 0.386 0.19 1 0
0.529 0.603 0.59 0.222 0.066 0.31 0.303 0.593 0
0.059 0.357 0.508 0 0 0.325 0.172 0.321 0
0.471 0.372 0.574 0.404 0.058 0.526 0.291 0.481 0
0.294 0.442 0.639 0.303 0 0.411 0.107 0.457 0
0.588 0.578 0.803 0 0 0.358 0.422 0.42 0
0 0.623 0.459 0.131 0.124 0.325 0.187 0.259 0
0 0.372 0.426 0.101 0.043 0.414 0.111 0.272 0
0 0.487 0.525 0.364 0.118 0.548 0.248 0.309 0
0.471 0.603 0 0 0 0.447 0.076 0.469 1
0.353 0.774 0.639 0.414 0.165 0.687 0.236 0.333 0
0.059 0.724 0.672 0.404 0 0.615 0.251 0.346 0
0 0.688 0.574 0.384 0 0.495 0.07 0.272 0
0 0.598 0.541 0.273 0 0.578 0.107 0.272 0
0.412 0.683 0.738 0 0 0.446 0.087 0.617 0
0.235 0.573 0.525 0 0 0.431 0.052 0.296 0
0 0.688 0.689 0.273 0 0.407 0.095 0.728 0
0.118 0.528 0.656 0.455 0.226 0.502 0.294 0.358 1
0.412 0.573 0.623 0.172 0.13 0.355 0.193 0.383 0
0.471 0.633 0.607 0.384 0.089 0.386 0.067 0.481 0
0.235 0.663 0.705 0.313 0 0.417 0.173 0.778 0
0.176 0.794 0.574 0.303 0.388 0.529 0.142 0.432 1
0 0.618 0.721 0.374 0 0.525 0.081 0.358 0
0.235 0.427 0.475 0.222 0.058 0.414 0.126 0.346 0
0 0.422 0.672 0.313 0.148 0.569 0.096 0.284 0
0 0.729 0 0 0 0.659 0.26 0.383 1
0 0.678 0.557 0.424 0.296 0.63 0.151 0.296 1
0.059 0.698 0.508 0.414 0.567 0.607 0.221 0.259 0
0 0.869 0.639 0.323 0.313 0.693 0.479 0.716 0
0.235 0.497 0.59 0.172 0 0.382 0.121 0.346 0
0.471 0.975 0.656 0 0 0.389 0.228 0.827 0
0.118 0.417 0.533 0.283 0.078 0.548 0.26 0.296 0
0.118 0.447 0.738 0.303 0 0.499 0.121 0.519 0
0.235 0.497 0.557 0.384 0 0.489 0.06 0.407 0
0.235 0.628 0.574 0.182 0.144 0.431 0.473 0.556 1
0.176 0.402 0 0 0 0 0.072 0.272 0
0.353 0.834 0.607 0 0 0.396 0.126 0.815 0
0.294 0.553 0.557 0 0 0.387 0.121 0.37 0
0.118 0.407 0.59 0.152 0.09 0.449 0.226 0.309 0
0.412 0.98 0.574 0.333 0.171 0.374 0.067 0.679 1
0.353 0.774 0.607 0.323 0.228 0.437 0.347 0.481 0
0.118 0.588 0.738 0.192 0.084 0.376 0.129 0.259 0
0.176 0.422 0.59 0.323 0 0.554 0.11 0.346 0
0.353 0 0.557 0.414 0 0.581 0.3 0.506 1
0.412 0.472 0.525 0.253 0.093 0.496 0.305 0.506 0
0.176 0.482 0.639 0.394 0 0.556 0.098 0.494 0
0.588 0.377 0.672 0 0 0.496 0.109 0.469 0
0 0.905 0.738 0.263 0.106 0.544 0.13 0.432 1
0.059 0.653 0.492 0.232 0.201 0.426 0.286 0.259 0
0.118 0.422 0.41 0.232 0.09 0.453 0.4 0.259 0
0.471 0.603 0.639 0 0 0.373 0.169 0.79 0
0.706 0.422 0.59 0.313 0 0.443 0.123 0.568 1
0 0.698 0.508 0.172 0.248 0.329 0.086 0.259 0
0.529 0.457 0.557 0 0 0.361 0.083 0.716 0
0.118 0.457 0.508 0 0 0.407 0.217 0.272 0
0.176 0.497 0.443 0.192 0.102 0.382 0.064 0.296 0
0.176 0.819 0.574 0.182 0.124 0.471 0.111 0.346 1
0.529 0.729 0.721 0.343 0.195 0.452 0.319 0.654 1
0.412 0.628 0.705 0 0 0.56 0.126 0.63 0
0.765 0.382 0.492 0 0 0.489 0.074 0.506 0
0.353 0.648 0.738 0.071 0.385 0.292 0.24 0.741 0
0.118 0.342 0.574 0.323 0.078 0.373 0.077 0.309 0
0.176 0.623 0.656 0.333 0.154 0.495 0.126 0.321 0
0.353 0.573 0 0 0 0 0.078 0.321 0
0.529 0.653 0.574 0 0 0.51 0.269 0.556 1
0.176 0.628 0.475 0 0 0.471 0.062 0.296 0
0.176 0.437 0.492 0.182 0 0.325 0.183 0.259 0
0.059 0.487 0.525 0.192 0.097 0.271 0.124 0.259 0
0.176 0.583 0.607 0.152 0.124 0.392 0.044 0.296 0
0 0.588 0.541 0.313 0.222 0.459 0.204 0.272 0
0 0.558 0.533 0 0 0.367 0.273 0.383 0
0.118 0.613 0.492 0.182 0.125 0.444 0.296 0.272 0
0 0.538 0.623 0 0 0.675 0.283 0.296 0
0.059 0.432 0.541 0.525 0.077 0.615 0.379 0.358 0
0.353 0.457 0 0 0 0.444 0.207 0.383 0
0.059 0.387 0.459 0.303 0.066 0.496 0.517 0.296 0
0.235 0.663 0 0 0 0.49 0.125 0.284 1
0 0.528 0.738 0 0 0.441 0.081 0.568 0
0 0.286 0.492 0 0 0.323 0.304 0.827 0
0 0.638 0.656 0.374 0.248 0.541 0.332 0.284 0
0.176 0.648 0.754 0.495 0.183 0.542 0.4 0.395 1
0.471 0.503 0.607 0.404 0.254 0.587 0.273 0.531 1
0.176 0.643 0.59 0.253 0.225 0.483 0.227 0.333 1
0.588 0.452 0.697 0.323 0 0.52 0.341 0.691 1
0.235 0.422 0.738 0.232 0.066 0.589 0.066 0.309 0
0.059 0.442 0.639 0.293 0.09 0.477 0.151 0.358 0
0.471 0.935 0.738 0.354 0.266 0.514 0.175 0.457 1
0.294 0.94 0.623 0.273 0.245 0.65 0.427 0.654 1
0.235 0.658 0.557 0.212 0.196 0.493 0.066 0.346 0
0.059 0.824 0.672 0.434 0.079 0.489 0.141 0.617 0
0.235 0.95 0.902 0.313 0 0.425 0.281 0.457 0
0.059 0.583 0.574 0.283 0 0.408 0.084 0.259 0
0.176 0.422 0.557 0.303 0.125 0.475 0.244 0.309 0
0.353 0.573 0.721 0 0 0.414 0.102 0.815 0
0.059 0.442 0.508 0.242 0.052 0.446 0.174 0.284 0
0.059 0.422 0.525 0.232 0.136 0.55 0.195 0.346 0
0.412 0.623 0.574 0.333 0.254 0.38 0.067 0.457 0
0.059 0.487 0.574 0.404 0 0.568 0.09 0.37 0
0.471 0.553 0.623 0 0 0.414 0.098 0.716 0
0.647 0.518 0.557 0.404 0 0.689 0.052 0.519 0
0.647 0.427 0.607 0 0 0.449 0.124 0.432 0
0.353 0.628 0.623 0 0 0.504 0.05 0.667 1
0 0.995 0.541 0.323 0.324 0.615 0.207 0.346 1
0.059 0.437 0.557 0.343 0.091 0.56 0.166 0.296 0
0.353 0.497 0.492 0.192 0.064 0.401 0.205 0.395 0
0 0.457 0.656 0 0 0.483 0.248 0.333 0
0.118 0.477 0.443 0.141 0.104 0.389 0.309 0.272 0
0.059 0.497 0.59 0.303 0.021 0.575 0.17 0.259 0
0.353 0.462 0.508 0.323 0.149 0.477 0.035 0.568 0
0.235 0.774 0.59 0.293 0.149 0.466 0.14 0.457 0
0 0.608 0.541 0.303 0.195 0.511 0.084 0.407 1
0.176 0.392 0.574 0 0 0.484 0.112 0.481 0
0.118 0.653 0.787 0 0 0.337 0.111 0.259 0
0.176 0.558 0.475 0.313 0.052 0.44 0.178 0.272 0
0.118 0.492 0.492 0.172 0.142 0.517 0.082 0.272 0
0.059 0.719 0.705 0.303 0.39 0.449 0.369 0.284 0
0.059 0.598 0.361 0.475 0.074 0.529 0.116 0.309 0
0.353 0.543 0.361 0.202 0.154 0.358 0.336 0.432 0
0.118 0.593 0.656 0 0 0.639 0.286 0.259 1
0.588 0.668 0.557 0 0 0.402 0.101 0.444 0
0.118 0.99 0.574 1 0 0.517 0.238 0.765 1
0 0.759 0.738 0.465 0 0.627 0.153 0.259 1
0.353 0.548 0.492 0.273 0 0.373 0.085 0.333 0
0.706 0.608 0.639 0.172 0 0.395 0.107 0.765 0
0.471 0.503 0.623 0 0 0.577 0.079 0.519 0
0.471 0.623 0.623 0.242 0.709 0.428 0.284 0.642 1
0.059 0.467 0.459 0.111 0 0.335 0.172 0.272 0
0.471 0.719 0.541 0 0 0.52 0.053 0.506 1
0.353 0.518 0.541 0 0 0.362 0.103 0.358 0
0.176 0.884 0.705 0.273 0.184 0.496 0.477 0.642 1
0 0.367 0 0 0 0.314 0.141 0.309 0
0.647 0.558 0.689 0.404 0 0.697 0.382 0.556 1
0.118 0.563 0.639 0.505 0.165 0.587 0.072 0.296 0
0.176 0.663 0.656 0 0 0.513 0.166 0.543 1
0.118 0.412 0.426 0.222 0.136 0.425 0.702 0.309 0
0.353 0.618 0.59 0.455 0.272 0.501 0.303 0.42 0
0 0.945 0.672 0.141 0.219 0.477 0.282 0.272 1
0 0.337 0.623 0 0 0.675 0.08 0.568 0
0.059 0.447 0.197 0.192 0.03 0.414 0.231 0.259 0
0.059 0.869 0.607 0 0 0.548 0.036 0.469 1
0.059 0.548 0.311 0.182 0.142 0.344 0.168 0.321 0
0.059 0.543 0.721 0.192 0 0.404 0.165 0.296 0
0.353 0.482 0 0 0 0.353 0.079 0.346 0
0.059 0.623 0.607 0.364 0 0.414 0.041 0.37 0
0.412 0.754 0.639 0.293 0.149 0.525 0.286 0.667 1
0.235 0.92 0 0 0 0.423 0.088 0.444 1
0.059 0.623 0.492 0.323 0 0.534 0.212 0.259 0
0.059 0.91 0.639 0.424 0.346 0.596 0.52 0.272 1
0.059 0.462 0.508 0.253 0.048 0.291 0.199 0.309 0
0 0.764 0.672 0.394 0.322 0.618 0.112 0.333 0
0.059 0.558 0.508 0.131 0.215 0.358 0.057 0.284 0
0.176 0.533 0.443 0.212 0.187 0.461 0.121 0.296 0
0.176 0.874 0.475 0.222 0.229 0.49 0.245 0.444 1
0.412 0.844 0.721 0.424 0.379 0.569 0.325 0.494 1
0.353 0.528 0.656 0.283 0 0.484 0.363 0.321 0
0.647 0.693 0.607 0.263 0.17 0.538 0.23 0.617 1
0.176 0.533 0.59 0 0 0.385 0.086 0.333 0
0.353 0.588 0.787 0 0 0.428 0.065 0.37 0
0.118 0.342 0.508 0.131 0.018 0.3 0.106 0.284 0
0.529 0.563 0.672 0.242 0 0.42 0.53 0.617 1
0 0.598 0 0 0 0.483 0.058 0.296 1
0.118 0.563 0.705 0.424 0.189 0.572 0.102 0.346 0
0.118 0.462 0.623 0.202 0 0.361 0.702 0.346 0
0.353 0.92 0.77 0 0 0.608 0.604 0.556 0
0 0.472 0.574 0.273 0.136 0.648 0.143 0.259 0
0.118 0.543 0.525 0 0 0.459 0.065 0.259 0
0.235 0.452 0.721 0.475 0.064 0.562 0.15 0.358 0
0 0.628 0.557 0 0 0.368 0.085 0.259 0
0 0.663 0.639 0 0 0.483 0.162 0.259 0
0.294 0.643 0.656 0 0 0.516 0.06 0.556 0
0.235 0.472 0.533 0.222 0 0.368 0.061 0.259 0
0.412 0.573 0.525 0 0 0.408 0.302 0.42 1
0 0.513 0.639 0.404 0.106 0.514 0.098 0.296 0
0.118 0.558 0.492 0 0 0.39 0.142 0.284 0
0.059 0.643 0.672 0.172 0.216 0.41 0.048 0.272 0
0.588 0.462 0.508 0 0 0.386 0.069 0.383 0
0.765 0.523 0.59 0 0 0.465 0.192 0.469 1
0.294 0.523 0.607 0 0 0.429 0.063 0.593 0
0.118 0.472 0.623 0.182 0.078 0.471 0.268 0.284 0
0.412 0.487 0.623 0.323 0.108 0.61 0.36 0.395 1
0.059 0.503 0.607 0.121 0.054 0.291 0.062 0.346 0
0 0.513 0.705 0.172 0.124 0.437 0.287 0.333 0
0.235 0.643 0.574 0 0 0.511 0.125 0.296 0
0.353 0.739 0.656 0 0 0.44 0.074 0.617 1
0.235 0.452 0 0 0 0.417 0.252 0.383 0
0.176 0.518 0.59 0.303 0.18 0.411 0.302 0.333 0
0.118 0.789 0.607 0.354 0.52 0.587 0.055 0.37 0
0.059 0.839 0.607 0.172 0.17 0.349 0.185 0.407 1
0 0.899 0.41 0.364 0.188 0.563 0.188 0.272 1
0.647 0.683 0.689 0.354 0.154 0.422 0.107 0.519 1
0 0.538 0.492 0.253 0 0.393 0.055 0.284 0
0.059 0.457 0.443 0.253 0.118 0.376 0.097 0.284 0
0.059 0.588 0.492 0.232 0.125 0.504 0.193 0.333 0
0.294 0.618 0.607 0.404 0.091 0.508 0.111 0.346 0
0.118 0.603 0.443 0 0 0.399 0.188 0.333 0
0.059 0.533 0.574 0.283 0.16 0.51 0.059 0.272 0
0.118 0.779 0.426 0.273 0.638 0.577 0.099 0.309 1
0.118 0.508 0.475 0.354 0.106 0.325 0.064 0.272 0
0.059 0.603 0.656 0.485 0.236 0.58 0.48 0.506 0
0.647 0.638 0.869 0 0 0.581 0.079 0.63 0
0.176 0.402 0.672 0.313 0.083 0.51 0.534 0.333 1
0.588 0.814 0.689 0 0 0.413 0.075 0.667 0
0.059 1 0.623 0.434 0 0.639 0.576 0.272 1
0.471 0.839 0.869 0.465 0.273 0.56 0.068 0.531 1
0.529 0.729 0.656 0.465 0.154 0.565 0.263 0.494 1
0.353 0.578 0.492 0.394 0 0.502 0.101 0.494 1
0.059 0.563 0.656 0.455 0.156 0.519 0.09 0.296 0
0.235 0.729 0.672 0.182 0 0.484 0.097 0.864 1
0.588 0.558 0.574 0.273 0 0.41 0.058 0.494 1
0.353 0.492 0.475 0.333 0.225 0.507 0.178 0.531 0
0.529 0.774 0.639 0.303 0.118 0.461 0.068 0.556 0
0.353 0.829 0.557 0.263 0.199 0.501 0.261 0.605 0
0.059 0.497 0.475 0.101 0 0.379 0.228 0.259 0
0.588 0.342 0.869 0.232 0.058 0.529 0.118 0.58 0
0.176 0.618 0.82 0.354 0.284 0.854 0.364 0.272 0
0.471 0.457 0.672 0 0 0.531 0.243 0.84 0
0.353 0.98 0.574 0 0 0.461 0.136 0.383 1
0.529 0.784 0.705 0 0 0.37 0.095 0.654 1
0 0.467 0.492 0 0 0.526 0.109 0.309 0
0.176 0.608 0.426 0 0 0.537 0.052 0.309 1
0.118 0.508 0.475 0.172 0.313 0.361 0.254 0.284 0
0.118 0.281 0.459 0.283 0.053 0.361 0.137 0.272 0
0 0.814 0.623 0.364 0 0.739 0.15 0.321 1
0 0.477 0.525 0.394 0.124 0.665 0.151 0.272 0
0.235 0.628 0.656 0 0 0.481 0.221 0.333 1
0.294 0.683 0.672 0 0 0 0.264 0.852 0
0.118 0.648 0.607 0.263 0.242 0.495 0.244 0.309 0
0.176 0.653 0.525 0 0 0.344 0.13 0.272 0
0.059 0.538 0.41 0.192 0 0.422 0.075 0.358 0
0.059 0.704 0.607 0.263 0.213 0.359 0.342 0.284 0
0.059 0.724 0.672 0.465 0.213 0.687 0.138 0.568 1
0.471 0.538 0.656 0 0 0.367 0.354 0.42 0
0.765 0.794 0.934 0 0 0.63 0.106 0.543 1
0.118 0.608 0.574 0.323 0.112 0.583 0.366 0.284 0
0.412 0.648 0.557 0.495 0.148 0.574 0.181 0.531 1
0.118 0.452 0.492 0 0 0.35 0.079 0.309 0
0.412 0.714 0.738 0.242 0.567 0.453 0.053 0.531 1
0.176 0.849 0.607 0.192 0.148 0.446 0.111 0.383 1
0 0.497 0 0 0 0.373 0.105 0.272 0
0.235 0.638 0.721 0.111 0.183 0.514 0.247 0.346 0
0.235 0.593 0.574 0 0 0.663 0.374 0.321 0
0.118 0.613 0.623 0.273 0.236 0.535 0.2 0.321 0
0.353 0.628 0.639 0.313 0 0.411 0.233 0.605 1
0.059 0.844 0.721 0.293 0 0.522 0.374 0.642 1
0.118 0.648 0 0 0 0.574 0.126 0.506 0
0.235 0.553 0.623 0.202 0.118 0.423 0.049 0.333 0
0.353 0.402 0.656 0.364 0 0.593 0.073 0.346 0
0.588 0.578 0 0 0 0 0.108 0.37 1
0.118 0.638 0.377 0.212 0.396 0.513 0.073 0.272 0
0.529 0.824 0.639 0 0 0.489 0.061 0.556 1
0.118 0.467 0.525 0.323 0.189 0.566 0.279 0.284 1
0.176 0.794 0.525 0.131 0.457 0.465 0.122 0.296 0
0.294 0.633 0.639 0.273 0.026 0.441 0.181 0.494 0
0.588 0.648 0.508 0.364 0 0.614 0.182 0.469 1
0 0.673 0.475 0.202 0.344 0.393 0.145 0.259 0
0.176 0.513 0.607 0 0 0.44 0.05 0.395 0
0.412 0.94 0.41 0.333 0.463 0.505 0.341 0.42 1
0.176 0.869 0.639 0.394 0.219 0.504 0.401 0.383 1
0.588 0.472 0.59 0.182 0 0.344 0.246 0.691 0
0.059 0.543 0.492 0.465 0.21 0.529 0.171 0.296 0
0.294 0.487 0.623 0.273 0 0.531 0.156 0.642 1
0.235 0.417 0.705 0.192 0 0.437 0.131 0.42 0
0.059 0.573 0.541 0.364 0.236 0.568 0.119 0.259 0
0.059 0.749 0.557 0.293 0.15 0.437 0.144 0.519 1
0.294 0.588 0.705 0.303 0.124 0.583 0.104 0.519 0
0.059 0.558 0.77 0 0 0.489 0.11 0.556 0
0.235 0.563 0.639 0.404 0 0.587 0.098 0.469 0
0.059 0.583 0.639 0.293 0.213 0.538 0.205 0.309 0
0 0.709 0.689 0.263 0 0.483 0.179 0.272 0
0.118 0.879 0.721 0 0 0.341 0.135 0.272 0
0.118 0.462 0.426 0 0 0.449 0.058 0.272 0
0.176 0.653 0.639 0.232 0.093 0.423 0.133 0.42 1
0.471 0.603 0.705 0 0 0.423 0.107 0.272 1
0.118 0.874 0.721 0.374 0.142 0.663 0.267 0.296 1
0.118 0.533 0.459 0.273 0.195 0.432 0.176 0.272 0
0.118 0.528 0.615 0 0 0.347 0.231 0.654 0
0.235 0.477 0.492 0.323 0 0.528 0.117 0.346 0
0 0.633 0.705 0.273 0.142 0.408 0.213 0.259 0
0.471 0.327 0.59 0.232 0 0.477 0.248 0.519 0
0.118 0.497 0.492 0.172 0.189 0.545 0.187 0.259 0
0.059 0.513 0.607 0 0 0.589 0.121 0.519 1
0.647 0.603 0.656 0.374 0.177 0.63 0.324 0.593 1
0.176 0.513 0.361 0.202 0.111 0.459 0.165 0.321 0
0.059 0.548 0.475 0.182 0.137 0.425 0.09 0.272 0
0.529 0.704 0.77 0 0 0.487 0.303 0.556 1
0.765 0.769 0.721 0.374 0.165 0.605 0.485 0.481 0
0.706 0.503 0.689 0.333 0.124 0.447 0.202 0.568 0
0.059 0.739 0.77 0.414 0 0.735 0.148 0.333 1
0.059 0.407 0.607 0.414 0.067 0.69 0.453 0.395 0
0.176 0.94 0.574 0.222 0.236 0.542 0.169 0.444 1
0.353 0.814 0.508 0 0 0.362 0.074 0.617 1
0.235 0.683 0.574 0 0 0.465 0.488 0.272 1
0.059 0.608 0.639 0.394 0.087 0.581 0.108 0.346 0
0.176 0.543 0.508 0.242 0 0.387 0.092 0.309 0
0 0.91 0.721 0.444 0.603 0.645 0.092 0.321 1
0.471 0.774 0.639 0.323 0 0.483 0.183 0.556 1
0.059 0.643 0.721 0.394 0.13 0.544 0.437 0.457 1
0.412 0.688 0.738 0.414 0 0.477 0.162 0.481 0
0 0.618 0.59 0 0 0.541 0.107 0.642 1
0.059 0.533 0.623 0 0 0.559 0.081 0.321 0
0.353 0.955 0.754 0 0 0.529 0.115 0.815 1
0.118 0.442 0.475 0.263 0.019 0.423 0.317 0.272 0
0.529 0.854 0.607 0.313 0 0.656 0.167 0.531 1
0.529 0.447 0.508 0 0 0.335 0.059 0.407 0
0.588 0.508 0.623 0.485 0.213 0.49 0.071 0.778 0
0.118 0.613 0.574 0.273 0 0.548 0.14 0.333 0
0.294 0.608 0.59 0.232 0.132 0.39 0.101 0.37 0
0.059 0.633 0.492 0 0 0.449 0.144 0.58 1
0.059 0.467 0.574 0.313 0 0.453 0.13 0.284 0