1000 10 1
-1.241 -1.221 -0.918 -0.967 0.633 -1.376 -0.536 -0.064 1.87 -0.483 0
-0.738 -0.024 -0.664 1.953 -1.684 -0.719 -1.033 0.887 -1.186 -0.995 0
-1.708 -1.027 1.428 -0.589 -0.036 1.04 1.249 0.39 0.688 -0.517 0
0.064 1.958 -0.243 -0.873 0.869 1.611 0.784 1.825 0.832 0.901 0
-1.694 0.861 0.635 0.155 0.661 1.012 -0.098 -1.464 0.963 0.786 0
-0.978 0.271 -1.443 -0.031 1.004 -0.597 -1.161 0.639 -1.663 -0.046 0
0.673 0.107 -0.083 0.042 0.177 -0.213 1.283 -0.995 -0.736 -0.614 1
2.371 -0.118 0.341 -0.348 -1.011 0.55 -0.733 -0.472 0.724 -1.079 1
-2.307 -1.185 -0.825 1.482 -0.136 -1.925 -0.023 -0.428 -0.39 -0.268 0
1.9 2.184 -0.025 1.792 1.554 -0.626 0.417 -0.075 -0.809 0.796 1
0.435 -0.798 2.197 -0.161 -1.049 0.939 1.905 0.307 0.09 0.717 0
-0.793 0.147 -0.447 0.633 0.688 -0.353 1.361 0.914 -1.275 1.059 0
1.135 -0.795 0.212 -1.315 0.863 -1.259 -0.634 -0.039 -0.855 -2.315 1
-0.139 0.183 -0.875 -0.303 1.791 -0.354 -0.313 -0.663 1.076 0.145 0
0.963 1.866 -0.663 -1.357 0.352 0.838 0.498 0.17 -0.146 1.739 0
-1.569 0.987 1.064 0.786 -1.215 -0.133 2.234 -2.067 0.334 0.002 0
-0.96 -0.362 -0.104 0.994 -0.843 -0.546 -2.284 0.978 0.237 0.087 0
1.603 0.914 -0.393 1.596 -0.57 -0.803 0.138 -0.477 -0.321 0.057 1
-0.091 -0.262 0.376 -0.537 1.159 0.215 1.599 -0.787 -0.232 -0.47 0
-0.697 0.004 0.264 0.321 -0.492 0.271 0.676 -0.075 0.394 0.553 0
-0.728 0.112 -0.296 -1.654 -0.553 -0.17 1.268 1.407 -1.187 1.817 0
0.308 0.757 -0.258 1.107 -0.624 0.757 -1.142 1.157 0.534 0.41 0
0.37 0.841 -0.623 -1.368 0.794 0.484 -0.94 2.542 1.137 -0.62 0
-1.401 0.504 1.057 0.473 1.244 0.91 -0.339 0.535 0.077 -0.762 0
-0.16 1.066 -0.288 -2.333 0.17 0.68 1.042 0.124 0.29 1.598 0
0.893 0.834 -0.506 -0.329 -0.823 -0.059 0.031 -0.704 -1.996 -1.042 1
-2.208 -0.894 0.575 0.08 -0.327 0.333 1.844 0.164 -0.435 1.522 0
-0.114 0.695 -0.216 1.605 -0.041 0.351 -0.702 1.656 -0.925 -0.201 0
0.427 -0.854 -0.846 0.461 1.011 0.498 -0.633 0.422 -0.176 0.253 0
0.433 0.864 -0.819 2.266 0.264 0.709 0.594 0.285 -1.003 -0.022 1
0.3 0.332 0.064 0.961 -0.504 0.915 0.425 0.621 -0.047 0.979 0
-0.406 0.823 1.05 0.872 1.416 0.202 1.028 1.814 -0.226 0.334 0
0.074 -1.249 -0.016 -1.2 -0.761 1.27 0.671 -0.999 -0.641 -0.102 0
1.222 -0.939 1.274 0.016 -1.722 0.496 0.408 0.047 1.457 -2.385 0
0.783 -0.324 0.171 0.188 -0.986 0.055 0.653 0.207 -1.316 -0.145 1
-0.239 0.186 -0.212 -0.893 -0.692 -1.334 0.94 -0.922 0.066 -2.854 0
-1.454 -1.132 0.587 0.09 0.063 -1.547 -0.265 -0.957 -0.529 0.85 0
-0.972 -0.531 0.141 0.084 0.016 0.25 -1.358 1.383 -0.551 1.021 0
0.451 -0.092 -1.675 -0.096 -0.012 1.688 -1.31 -0.874 0.902 0.174 0
-0.689 0.269 0.457 -0.638 1.12 0.416 -0.405 -0.087 1.87 -0.061 0
-0.649 -0.668 1.911 0.075 1.15 0.079 1.044 0.285 0.41 0.614 0
-1.312 0.471 -0.401 0.687 1.447 0.783 1.082 0.326 -0.309 -0.256 0
0.371 -0.057 -0.304 -1.182 0.264 -0.812 -2.288 -0.508 -0.438 -0.953 1
-0.488 -2.08 -0.688 -1.016 1.733 0.744 0.877 -0.188 1.061 0.906 0
-0.67 -1.299 -1.756 -1.057 0.828 0.563 -1.084 1.235 0.966 -0.221 0
1.494 -1.549 2.112 0.7 0.664 1.472 0.399 0.273 0.951 -0.008 1
0.92 0.501 -0.343 -2.534 -0.384 1.801 1.065 0.653 -0.24 -0.386 0
-1.172 -0.873 0.703 -1.011 -0.29 -0.856 -0.005 0.785 -0.717 2.813 0
0.786 0.037 -0.191 1.582 0.378 0.451 2.624 0.746 0.413 -0.222 0
1.426 0.412 0.678 -0.263 -0.401 0.251 -1.51 -0.747 -0.889 1.731 1
1.331 -0.023 -0.449 1.019 1.353 -1.175 0.892 -1.281 0.273 -1.384 1
-0.219 -1.376 1.124 2.473 -0.46 0.515 0.201 -1.377 -0.361 -2.005 0
-0.51 -1.167 0.077 1.182 -2.113 0.492 -1.114 -0.323 -0.178 1.043 0
-0.383 0.49 -1.137 -0.988 0.429 -0.844 0.143 -1.024 1.104 -1.699 0
-0.083 -2.155 0.461 -1.234 1.139 0.245 2.327 -0.258 -0.546 0.64 0
1.687 -1.429 -0.826 -1.706 0.603 0.027 -0.493 0.422 -1.453 -0.534 1
-1.641 -0.08 0.925 -0.665 2.454 -1.652 1.399 1.467 2.276 -1.171 0
-0.889 0.543 0.083 1.642 -0.074 1.181 0.453 0.763 2.403 -0.147 0
1.424 0.774 0.95 -0.028 -1.525 0.24 -0.042 0.572 0.95 0.877 0
-0.018 0.332 0.991 -1.593 -0.418 -1.851 -0.933 -0.268 -0.12 0.008 0
0.927 -2.455 0.396 0.137 2.107 0.407 -0.352 0.182 0.53 0.109 1
0.072 -0.197 0.051 0.625 -1.389 -0.127 -1.368 -0.446 0.305 0.753 1
0.605 0.557 -0.376 -0.126 0.382 1.471 0.236 0.51 1.398 -0.833 0
1.465 0.801 -0.089 0.151 0.15 1.161 0.587 1.23 0.395 0.657 0
1.297 -0.791 -0.142 -0.168 -1.792 -0.652 0.766 -0.531 -1.676 -0.405 1
-0.916 -0.827 0.841 0.63 1.352 -1.481 1.22 0.865 0.287 -1.396 0
0.684 1.139 0.973 0.249 -0.366 -1.24 -0.187 1.299 0.801 2.129 0
-0.588 0.004 0.688 0.604 -0.066 0.659 -0.317 0.551 -0.304 0.093 0
0.385 0.219 1.005 1.333 -0.887 -0.94 -1.773 -0.75 0.408 1.662 1
-1.341 -0.301 0.447 0.268 -0.191 0.829 -0.466 -0.476 -0.262 -0.326 0
0.74 0.89 -0.577 -0.88 0.381 -0.561 0.307 1.407 0.521 1.836 0
-0.42 -1.201 -0.166 0.577 0.13 2.253 1.667 -0.995 -0.787 -0.486 0
0.6 -0.595 -0.616 0.644 0.603 0.743 -1.729 -0.991 0.387 -0.382 1
-0.865 -1.09 -0.418 0.389 -0.007 0.21 -0.49 -0.391 0.921 0.171 0
-1.617 1.173 -0.658 1.26 -0.694 -1.892 0.562 0.13 -1.746 0.805 0
-1.971 -0.439 0.342 0.05 -0.231 -0.29 -0.126 -1.262 0.789 -0.553 0
0.375 -0.433 -0.687 -0.418 -0.706 1.508 -0.153 1.244 -2.253 -1.141 0
-0.66 1.795 0.651 -0.01 -0.768 0.795 0.088 -1.309 0.977 -0.941 0
-1.052 -0.077 2.76 1.178 -0.017 0.956 0.111 0.002 -0.903 0.124 0
-1.502 -0.329 0.345 0.199 0.404 1.183 1.387 -1.375 -0.843 -0.353 0
-0.269 0.057 1.78 0.61 0.255 0.488 0.058 -1.661 0.917 -0.017 0
1.18 0.427 0.063 0.167 -0.56 1.199 0.099 -0.89 0.337 -0.485 1
-0.003 1.345 0.255 -0.794 2.335 -1.747 -0.463 -1.196 -0.581 1.335 0
0.499 -0.046 -0.362 1.284 2.017 -0.964 -0.106 -0.144 0.084 -0.336 1
0.828 0.445 -0.103 -0.749 -1.07 1.802 0.573 1.363 0.145 -1.369 0
0.89 0.547 -0.497 -1.213 0.609 -1.227 -1.456 0.06 -1.561 -0.713 1
0.05 0.037 -1.66 0.46 -0.364 0.258 -0.669 -1.353 0.301 -0.296 1
2.732 0.476 -0.649 -0.972 0.962 3.742 0.751 -1.732 0.381 -0.527 0
0.673 -1.493 0.07 -0.49 2.076 -0.619 1.191 -0.425 -1.443 -1.592 1
-1.026 0.234 -0.165 -1.331 -0.107 0.549 0.077 1.037 -1.286 1.063 0
-1.231 -0.926 1.13 0.055 1.588 1.377 1.055 -0.644 -0.01 -0.995 0
-0.7 0.518 -1.343 -0.761 -0.588 -0.505 1.097 0.142 1.067 -0.711 0
1.683 -2.346 -0.859 -0.252 -1.165 -1.539 0.543 1.867 -2.013 -0.863 0
-0.368 -0.056 1.47 0.485 0.883 0.378 0.567 -0.552 2.169 -3.072 0
-0.013 1.086 -0.087 0.515 0.948 -2.701 -0.375 -0.202 -0.502 1.581 0
0.308 0.055 -0.491 -0.946 0.413 -0.057 0.041 -1.756 -0.082 -0.727 1
-0.788 0.785 0.527 0.533 2.211 -0.592 -0.331 -0.789 -2.35 -0.027 0
0.33 -0.13 -0.21 -1.727 -2.431 0.811 -0.379 0.812 -0.136 0.087 0
0.761 -2.603 1.334 -1.463 -3.206 -0.319 0.447 -0.265 0.333 0.365 0
-1.964 0.073 0.799 0.624 -0.212 2.401 -0.865 -0.401 -0.307 -1.112 0
0.377 0.131 0.031 0.366 -0.606 -1.372 -2.036 0.916 -0.177 -0.161 1
1.059 -1.265 1.364 -1.286 -0.746 -1.002 0.128 0.244 0.234 -0.706 1
-1.341 0.107 -1.394 0.136 2.111 0.685 -0.505 -0.002 0.586 1.719 0
0.871 0.139 -0.219 1.857 -0.358 1.766 0.081 0.989 -1.622 0.422 1
2.185 0.348 -0.389 -0.665 -0.483 -0.521 -0.474 1.465 -0.074 -1.15 1
0.37 -0.206 -1.543 0.44 0.16 0.11 0.987 -1.183 0.593 -2.555 1
1.662 -0.837 0.159 0.937 -1.173 0.912 0.478 0.882 0.906 0.691 0
0.798 -0.391 -0.618 -1.535 0.229 -2.102 -1.109 -0.356 0.113 0.015 1
0.833 1.444 -0.216 -2.115 0.944 -2.214 0.331 1.599 1.766 1.121 0
-0.365 -0.755 0.842 1.437 -1.735 1.627 0.604 -0.151 0.095 0.978 0
-0.978 2.423 -1.171 -1.331 -0.142 0.166 0.075 -0.548 0.192 2.955 0
-0.53 0.018 0.615 0.515 -0.065 0.448 0.752 0.588 0.318 -0.757 0
2.102 -3.38 1.989 0.808 1.004 1.247 -0.351 -0.793 0.106 -0.115 1
-1.204 0.26 -0.527 -1.542 -0.403 0.151 -0.214 0.58 -0.039 1.044 0
0.068 1.183 0.727 -0.752 -0.249 -0.599 -0.22 0.389 0.246 0.85 1
-1.409 -1.289 0.624 -1.952 -0.12 -0.044 1.632 -0.983 -0.202 0.457 0
-0.985 1.223 0.342 -0.293 1.656 -0.611 -0.54 0.51 0.097 -2.0 0
0.58 0.13 -0.348 0.51 0.264 0.077 0.064 0.444 0.216 2.188 0
-0.354 -1.215 0.924 0.322 1.008 0.314 -1.426 1.929 0.42 0.355 0
0.123 -0.962 -1.75 1.898 -0.014 -0.257 -1.027 0.317 0.558 -0.397 1
0.358 -0.252 0.85 0.493 0.849 0.335 1.634 0.17 -0.366 0.142 1
2.697 0.374 0.737 1.297 0.701 1.234 -0.045 -1.538 -0.19 -0.017 1
0.932 0.522 1.616 0.739 0.126 0.977 0.582 0.104 -0.91 1.226 1
0.055 -1.029 -0.093 -0.237 0.162 -0.47 -0.024 -0.15 0.143 -2.657 1
-0.818 0.683 -0.136 -0.383 -0.586 -0.688 -0.391 -1.19 1.028 1.155 0
-0.77 -0.813 -0.147 -0.495 0.142 1.137 -1.11 -1.071 -0.203 -0.171 0
0.89 0.86 1.311 -1.353 -0.419 -0.041 1.071 0.056 1.58 0.829 0
0.101 1.841 -0.426 -1.692 0.277 -0.917 -0.14 0.043 0.247 0.213 1
1.403 1.073 0.133 0.014 -0.069 1.843 -0.483 0.04 -0.203 -0.004 1
-1.253 -1.201 -1.113 -0.263 0.906 0.068 -0.922 2.337 0.16 -0.141 0
0.512 0.313 0.024 0.745 -0.002 -1.185 -1.162 1.337 -0.514 1.043 1
-0.729 0.167 -0.378 -0.019 -0.55 -1.337 0.857 -1.341 0.611 0.722 0
1.654 1.171 0.481 -2.339 0.181 2.331 -0.047 2.93 1.174 -0.395 0
-1.095 -0.61 -0.194 -0.371 1.095 -0.35 2.11 -1.275 0.391 -0.377 0
-2.776 0.023 0.63 -1.311 0.231 0.454 1.038 0.027 -0.186 -0.679 0
1.295 -1.343 0.611 -0.588 -0.903 -0.524 1.728 -0.255 0.586 0.91 0
-0.291 0.831 -1.159 -0.005 0.124 0.595 -0.181 -0.778 1.231 -0.279 0
-1.701 1.004 1.56 1.732 -0.153 0.325 1.142 -0.375 -0.398 1.225 0
-0.503 0.412 -0.626 0.855 -0.414 1.197 -0.83 -0.233 -0.117 -1.79 0
1.29 0.321 0.813 0.642 -0.6 -0.056 1.527 0.991 0.463 1.121 0
0.762 -1.316 -1.808 2.226 0.927 0.716 0.33 0.969 -0.777 -0.691 1
-0.728 2.317 1.974 1.266 0.175 0.74 0.08 0.806 -0.948 0.546 0
-1.954 -1.309 1.19 -1.244 1.114 0.341 0.44 0.153 0.987 -1.355 0
-1.442 0.039 0.692 -0.886 -1.648 1.241 0.047 0.262 0.44 0.8 0
0.535 -1.003 -0.162 -0.387 1.673 1.074 0.769 -0.398 -0.661 1.62 0
1.927 1.383 -0.021 -0.181 -0.152 -0.061 -0.695 -2.29 0.531 -1.275 1
-0.502 -0.672 -0.827 -0.397 -1.527 0.029 -0.157 -0.32 0.98 0.647 0
-0.237 -0.304 -1.251 0.1 -1.527 -1.788 -0.187 0.536 -0.411 0.088 0
0.537 -0.311 0.436 -1.9 0.691 0.943 2.319 0.695 -0.05 0.596 0
-0.413 -0.39 1.262 2.509 -0.126 0.203 -0.119 0.117 0.268 0.411 0
-1.466 -0.037 0.62 -0.932 -0.333 2.792 -0.363 0.813 -0.307 -1.937 0
-1.312 -0.458 -0.901 -1.177 0.725 -1.503 -1.324 0.122 -1.781 1.009 0
1.596 -0.125 0.534 -1.625 0.216 -0.997 0.482 0.633 -1.253 0.784 1
-0.108 -0.269 -0.324 -0.379 -0.126 -0.708 -1.139 -0.41 1.003 -1.041 0
-0.696 0.698 -1.183 0.407 -1.009 0.229 -0.448 0.304 -0.132 -0.339 0
-1.026 -1.673 0.953 -0.338 0.725 0.46 2.002 -0.137 -1.91 -0.049 0
1.13 -0.764 -0.454 2.131 2.635 -0.951 -0.058 0.251 2.068 1.098 1
0.909 -1.711 -0.089 -0.892 -0.01 -0.126 1.541 -0.951 -0.143 0.57 0
0.783 0.115 0.353 1.528 -0.937 2.542 -0.116 -0.01 -0.14 0.616 0
-0.861 1.937 0.582 -0.343 -1.79 -2.026 -0.527 -0.843 -0.492 -0.447 0
0.127 1.225 -1.189 -0.302 1.765 -0.755 -0.896 -0.454 -0.607 -1.793 1
0.168 -0.155 -0.399 0.373 0.675 -2.194 -0.412 0.516 -0.582 0.87 1
0.366 0.336 -0.278 -0.472 -0.87 -0.189 0.299 0.2 -0.229 -1.381 1
-0.215 -0.845 -0.05 0.317 -0.781 -0.184 0.316 0.874 -0.556 -0.398 0
-2.087 0.79 -0.125 -1.206 -0.4 -1.681 0.191 0.387 -0.072 0.129 0
-0.593 0.654 1.769 -0.648 1.292 -0.707 -0.912 1.223 -0.151 0.39 0
0.088 -0.178 1.01 1.66 -0.198 -0.925 0.184 -0.344 0.271 0.471 1
-0.964 1.721 -0.879 0.619 0.295 -0.614 0.455 -0.879 -2.991 -1.053 0
-1.047 -1.014 0.241 0.544 0.298 -1.264 -0.105 1.689 -0.519 0.148 0
-0.627 1.191 0.234 -1.244 0.819 -0.444 -1.211 0.068 1.633 0.915 0
0.142 -1.076 1.208 0.15 -1.228 1.572 0.535 -2.045 0.778 -0.476 0
1.482 -0.799 -1.665 -0.581 -0.991 -0.166 -2.019 -1.025 -0.149 1.585 0
0.686 0.471 0.008 0.934 0.226 -0.259 -0.889 0.176 0.933 -1.587 1
0.176 0.175 0.27 1.029 1.188 0.353 0.502 -1.309 -0.684 0.694 1
1.402 0.589 -0.429 -0.333 -1.453 1.492 0.506 0.452 -0.762 -0.67 0
-0.146 -0.02 -0.269 0.533 2.072 0.522 0.37 -1.756 0.389 1.052 0
-0.462 -0.405 0.86 -1.118 -1.463 -1.581 -0.723 0.711 1.005 -0.904 0
0.307 -0.313 -1.324 0.794 -1.368 0.562 0.228 -0.949 0.507 -0.142 0
-0.449 0.288 -1.119 0.424 -1.686 -3.467 0.705 0.445 2.349 1.017 0
1.254 -0.324 0.456 1.085 0.091 0.503 1.216 -0.028 -0.872 0.056 1
-1.439 -0.686 0.289 0.613 1.26 -1.083 0.439 0.02 0.046 0.725 0
1.642 -0.009 0.209 0.725 -1.11 0.555 -0.946 -0.177 -0.518 -0.243 1
1.01 -0.956 -0.675 1.303 0.104 1.292 -0.0 0.929 0.484 0.28 0
-0.159 -1.1 -0.049 -1.119 -1.188 -0.471 -1.816 -2.268 -0.036 -1.297 0
-0.073 0.232 -1.878 1.851 0.774 0.684 -2.251 -0.383 -0.364 -0.43 0
0.212 1.268 -0.417 0.989 0.105 1.213 0.303 -0.278 -0.572 1.063 1
-1.121 0.65 0.09 1.695 -1.537 1.195 0.013 -0.13 1.45 0.753 0
1.058 0.339 -1.733 -1.379 1.008 -0.401 0.391 -2.448 0.939 1.256 0
0.645 0.55 1.718 -0.382 -0.309 0.845 0.331 0.092 1.449 0.794 0
0.056 0.935 0.735 0.59 -0.441 -0.377 -0.15 -0.785 1.303 -3.055 1
-0.682 0.513 -0.346 1.572 -0.435 -1.965 -0.034 0.105 -1.075 -0.051 0
-1.463 -0.593 -1.298 -0.747 0.442 0.931 -1.317 -0.36 -1.458 -1.887 0
-0.475 0.844 1.883 -0.121 1.981 0.438 1.004 -0.608 2.914 1.153 0
-0.102 0.327 -0.844 -1.339 0.804 0.799 2.394 -0.019 -0.739 -0.264 0
-1.833 -0.102 1.337 1.04 1.195 -0.215 -0.669 0.736 2.037 -0.928 0
2.488 2.544 0.243 0.326 0.567 -1.184 -0.802 -2.868 0.213 -0.517 1
-0.158 0.998 0.948 0.02 -0.273 0.206 -0.165 -0.863 -0.312 -0.795 0
-0.225 -0.872 -1.754 1.071 -1.126 -2.165 1.678 1.585 -1.332 -0.229 0
0.255 -1.061 -0.46 -1.545 -0.533 -1.348 1.039 0.083 -0.278 0.63 0
-0.458 0.573 -1.127 1.522 1.158 1.014 1.38 -0.046 -1.718 -1.487 0
-0.35 1.797 0.66 -0.248 -1.105 -1.951 -1.011 1.15 -0.049 0.933 0
-0.13 1.032 0.923 -2.587 0.906 -0.845 -0.915 0.233 -0.329 -0.086 0
-1.535 1.031 -0.916 -0.834 -0.003 0.213 -1.339 0.146 -0.727 -1.145 0
1.363 0.914 -0.181 -2.818 1.056 -0.746 -1.168 -1.308 0.38 -0.487 1
-0.49 1.722 -0.008 -1.5 1.708 -0.008 0.181 0.744 -1.077 0.914 0
-0.203 -2.406 -1.2 2.25 0.272 -0.753 1.555 1.691 -1.554 -0.587 0
0.189 -0.51 -1.038 0.442 -0.196 -0.705 -1.002 0.354 -0.105 2.221 0
0.483 -0.656 0.931 -0.653 0.259 2.262 1.374 1.187 -1.024 1.171 0
0.665 1.973 -0.019 0.45 -1.485 -2.437 -0.3 0.36 0.047 0.301 1
-0.206 -1.092 1.201 0.141 -0.705 -0.051 -2.064 -0.371 -0.81 0.784 0
0.457 -0.45 1.342 0.1 -0.444 -1.482 0.575 -0.116 -1.585 0.361 1
0.485 0.833 0.151 0.426 1.35 -1.741 -1.095 -0.932 0.719 -0.123 1
1.592 -0.929 2.183 1.169 0.409 -0.011 0.065 -1.46 0.88 1.54 1
0.487 0.042 -0.358 -2.178 2.611 -1.816 -1.541 2.191 -0.8 0.065 1
0.675 1.088 -1.0 0.006 -0.575 -1.276 0.082 1.455 -0.822 0.036 1
0.945 -0.29 -0.365 0.453 0.851 -1.271 0.262 0.815 0.585 -1.345 1
-0.967 -0.133 -0.036 0.37 -1.776 -0.158 0.399 0.299 1.553 0.653 0
1.986 -0.836 -1.675 1.016 -0.334 0.964 0.59 0.211 -2.023 0.86 0
1.535 1.537 -1.277 -0.513 0.342 -0.659 0.791 -2.335 -0.834 -0.836 1
0.338 0.18 0.656 1.617 0.41 0.124 -1.046 1.247 -0.673 0.474 1
0.941 -0.316 1.569 0.437 -0.704 0.943 1.067 0.474 1.512 -0.592 0
0.141 0.947 -0.343 0.983 1.047 -0.993 0.47 0.183 -0.515 -2.539 1
-1.124 -0.606 -0.366 0.52 -0.149 1.682 1.445 -1.568 0.683 0.476 0
0.941 1.223 1.821 1.728 0.657 -0.459 0.3 0.314 0.068 1.329 1
-0.132 -0.433 -1.31 0.311 0.476 -1.089 -0.307 0.564 1.008 -1.197 0
-1.213 -0.307 1.032 -0.538 -0.396 -0.624 0.344 0.375 -0.62 -0.679 0
-2.135 -0.015 0.996 -1.9 0.167 1.043 0.847 1.647 -0.213 -0.996 0
-1.212 -0.421 0.856 -0.782 0.667 0.047 -1.053 0.164 0.95 -0.59 0
1.904 -0.423 0.663 0.201 1.227 0.151 -0.649 1.03 -0.576 0.354 1
1.248 -1.409 -0.434 -1.121 -1.638 -1.816 -0.781 -0.214 0.696 -0.943 0
-0.508 -0.939 -0.532 1.211 -0.805 0.185 1.781 -0.99 -0.683 0.377 0
0.067 0.563 0.519 0.935 0.428 1.544 2.135 -0.099 0.733 1.945 0
-1.687 0.142 0.317 1.231 0.705 0.404 0.175 0.297 0.925 -1.708 0
-0.005 0.803 1.737 -0.458 -1.263 -1.048 1.656 0.461 0.068 0.534 0
0.166 -0.189 -2.188 0.777 0.865 -1.427 -0.335 -0.261 0.85 -0.045 1
1.74 -0.365 -1.657 -0.841 -0.172 -0.107 0.346 0.913 0.097 -1.497 0
1.668 -0.632 -1.953 0.419 -0.039 -0.137 -0.614 0.706 -0.132 1.326 0
0.535 -1.035 -0.57 -0.487 -0.99 -0.461 1.207 -1.319 0.969 -1.045 0
0.189 0.134 -1.558 -1.02 0.12 -0.224 -1.729 -1.623 0.273 0.056 1
-0.27 -0.03 -0.952 0.037 -0.713 0.28 0.257 -1.934 1.004 -0.151 0
0.161 1.418 -0.774 0.337 0.214 0.056 0.907 1.748 0.166 -0.176 0
-1.884 -1.671 1.131 -0.362 -0.291 0.207 -0.519 1.318 -1.285 -1.734 0
-1.272 -1.103 0.085 1.35 -0.685 0.439 -0.243 0.961 -1.069 0.451 0
-0.805 0.39 -0.913 -0.634 -1.953 -0.062 1.915 0.153 -0.402 -1.204 0
0.646 0.644 -0.901 0.254 -1.112 -0.581 0.666 0.105 0.132 0.998 0
0.157 1.061 1.546 0.003 1.029 0.148 0.364 0.925 -1.233 -0.571 1
-0.225 1.78 0.344 1.105 1.918 0.045 0.95 0.236 0.013 -0.378 0
2.613 -1.907 0.119 -1.295 0.867 0.604 -0.519 -0.658 0.362 -0.792 1
-2.353 0.785 -0.917 -0.256 0.573 1.196 0.503 1.502 0.743 -1.275 0
-2.08 -0.606 0.328 -0.582 -0.313 0.063 1.034 -0.094 0.568 1.204 0
-0.212 0.027 -0.386 -0.012 -0.933 -0.531 -0.393 -0.2 0.735 -0.217 0
0.578 -1.592 0.311 -0.322 -1.272 -0.727 -0.34 -0.004 -1.1 0.502 0
0.331 -0.785 -0.17 -0.323 -1.131 -0.331 -1.021 0.133 1.242 1.678 0
0.847 0.335 -0.579 0.88 0.463 -0.521 0.022 0.179 -0.587 -0.96 1
-0.084 -0.758 0.097 -0.553 1.553 -0.15 0.515 -1.319 -2.474 -1.566 0
-1.697 1.564 0.482 -0.642 0.866 -0.413 0.862 0.1 -0.869 -1.296 0
-0.648 0.757 -0.342 1.11 -0.3 0.555 -0.956 -0.342 0.22 0.724 0
-0.595 0.201 0.928 -0.801 -1.443 -2.197 -0.412 -0.25 0.397 -1.775 0
0.158 -1.485 0.213 0.006 0.504 0.053 -1.099 0.312 -0.478 1.105 0
0.486 -0.17 0.879 -0.023 0.96 0.974 1.081 -0.11 -0.66 -1.385 1
0.448 0.185 0.225 -0.419 0.393 0.011 1.885 -0.342 2.125 0.472 0
0.23 -1.349 0.156 0.173 -0.094 1.046 1.321 0.719 0.177 -1.543 0
1.878 1.339 0.624 1.414 -1.985 -0.013 1.037 1.539 1.038 -0.727 1
-0.904 -0.318 0.675 1.052 1.02 -0.39 -1.011 0.515 -1.35 -0.983 0
-0.886 1.625 0.862 -0.381 -0.298 0.153 1.605 0.241 -0.799 -0.095 0
-0.775 0.361 -1.504 -0.786 1.025 1.583 0.439 -0.749 1.125 -0.243 0
2.016 -0.247 -2.17 -0.608 -1.322 0.426 -0.17 -0.752 -0.095 -0.71 0
0.085 -0.943 0.481 -0.179 -0.363 -0.796 1.677 1.722 -0.285 0.365 0
2.349 -0.562 -0.525 -0.796 0.293 0.278 0.844 0.018 -0.079 0.337 0
1.281 -0.43 0.422 0.312 -0.568 -1.003 0.774 -0.99 0.376 0.003 1
0.24 0.248 0.987 -0.223 -1.503 0.45 -0.967 0.715 0.707 0.986 0
0.711 -1.149 -0.096 0.905 0.632 -1.347 0.863 -0.77 -0.197 0.081 1
-0.359 1.114 2.521 -0.013 -0.324 -1.021 0.283 -0.106 0.15 0.689 0
-0.312 -0.342 1.454 0.147 -0.374 0.503 0.981 0.858 0.135 0.457 0
-0.127 -0.276 0.209 0.186 -0.149 0.981 0.996 0.527 -0.228 -0.955 0
-0.169 -1.281 -0.515 -1.308 -0.788 -1.824 0.485 2.477 -0.518 0.018 0
0.831 -1.087 -0.874 -1.749 1.365 -1.004 -0.487 -0.937 -1.388 -0.385 1
0.212 -0.487 0.973 0.001 0.824 0.608 2.297 1.755 1.077 -0.507 0
0.685 -0.109 -2.051 0.796 0.745 -0.952 -1.494 1.661 -0.169 -0.162 1
-1.861 -1.015 1.244 -1.141 -1.038 0.143 0.108 -0.084 0.082 -0.68 0
-0.553 0.405 2.637 -0.411 -0.117 0.91 0.017 -1.225 -1.256 0.303 0
-1.094 -1.623 0.265 0.12 0.391 0.9 1.499 2.192 1.201 0.613 0
0.171 -0.223 -0.153 -1.285 -1.01 1.606 -1.122 0.246 1.029 0.071 0
2.6 0.722 1.186 0.281 3.045 -0.616 2.21 0.223 0.478 -1.785 1
0.325 -1.167 -0.103 0.016 -0.032 -0.823 -0.148 0.587 -1.209 -1.27 1
-1.512 -1.776 -0.919 0.957 1.607 1.655 -0.236 1.007 -0.122 1.736 0
0.789 -1.414 -0.466 1.296 -2.435 -0.617 0.672 -1.394 -2.449 0.123 1
-0.673 1.36 1.743 -0.359 0.73 -0.68 0.69 1.124 -0.972 -2.542 0
0.299 -0.623 -0.881 0.296 -1.47 0.184 -0.541 0.315 0.534 -0.197 0
-0.977 -0.55 0.035 -1.274 0.942 -0.424 -0.883 1.043 0.903 -0.465 0
0.101 0.263 -1.266 0.737 0.141 -1.335 0.552 -1.511 -1.853 0.317 1
-1.215 0.162 0.487 -0.231 -0.217 0.126 -0.015 -0.844 -0.93 -1.081 0
0.145 0.108 -2.108 0.533 -1.596 1.827 -0.981 -1.246 -0.046 1.328 0
0.03 0.035 0.113 0.063 -1.859 1.131 -0.062 1.39 -0.602 0.203 0
-0.515 -0.618 -1.301 -1.742 -1.319 0.288 1.916 -0.396 0.826 -0.383 0
-0.12 -2.376 -0.121 -0.396 -0.167 -0.361 0.225 -1.608 -1.282 0.737 0
-1.657 0.329 1.121 -0.532 1.234 -0.241 0.712 -0.338 1.087 0.575 0
1.928 0.712 0.732 -2.038 1.637 -1.557 -0.756 2.396 0.267 -0.005 1
0.492 -0.558 0.608 -1.004 -0.861 -1.188 -0.593 0.669 -0.422 -0.032 1
-0.361 0.06 0.714 -0.804 -1.603 -0.086 -0.639 0.107 -1.534 -0.61 0
1.029 0.618 -0.344 1.304 -1.225 -0.396 -0.76 -1.089 -1.645 -1.239 1
1.096 -0.367 -0.363 0.879 0.518 0.494 2.049 -0.447 -0.623 -1.148 1
0.225 0.629 -0.397 -0.207 -0.593 0.406 0.149 0.559 0.512 0.395 0
-0.892 -0.543 0.189 -0.237 0.403 -0.049 0.698 0.16 -1.569 -1.31 0
-0.179 -0.405 -0.004 -0.558 0.133 1.835 -0.33 0.229 0.057 0.876 0
-1.069 0.186 0.493 1.296 -0.119 0.58 -0.202 0.792 -0.537 0.229 0
0.932 -0.553 -0.954 -0.326 -1.188 -2.203 -0.929 0.454 1.512 -0.427 0
-0.569 1.132 1.065 0.099 -0.028 1.891 -1.246 0.568 -0.775 0.593 0
-0.952 2.823 -0.109 0.324 0.682 -1.281 1.121 1.483 0.429 -1.129 0
-0.093 -0.155 0.698 -1.971 -0.838 -0.007 0.174 0.281 -0.224 0.331 0
0.899 0.324 -1.703 0.655 0.608 -1.238 1.504 0.011 0.545 0.428 0
0.635 -0.765 0.58 -1.038 -0.126 0.019 -0.504 0.165 0.596 -0.921 0
0.238 -0.139 0.857 0.03 0.174 -0.388 -0.748 -0.394 -1.148 1.167 1
-0.553 -0.459 -0.369 0.071 0.404 0.468 -1.362 -0.003 -0.508 1.12 0
-1.533 -0.114 -0.497 0.995 -0.239 0.109 -2.658 1.001 0.065 -0.291 0
1.281 -0.461 -0.501 -1.992 0.736 0.324 1.372 -0.619 -1.695 -0.222 0
-1.665 -0.186 -0.868 -0.476 1.188 0.029 0.346 -0.349 0.383 0.514 0
-0.273 -0.49 -1.752 0.246 -0.837 -0.044 0.809 -0.932 0.01 1.535 0
1.031 -0.626 -0.047 -0.494 1.173 -0.701 0.086 0.529 -0.475 -0.912 1
1.485 -0.628 -1.874 -0.621 -0.334 -0.599 -0.61 0.003 0.891 0.691 0
0.726 -0.342 -0.501 -2.008 0.315 -0.49 1.267 -0.614 -0.025 0.662 0
0.288 0.336 -0.304 0.078 0.291 -1.115 -1.248 -0.629 -0.535 0.103 1
0.882 -0.047 0.47 -0.765 0.853 0.238 -1.092 0.063 0.849 -2.389 1
0.696 1.333 -0.405 -0.676 -0.151 1.545 -0.495 0.503 -0.112 -0.073 0
0.309 1.486 -0.418 -0.429 -0.188 -0.472 -1.162 1.36 1.316 -0.829 1
0.018 1.915 -0.227 -0.732 0.753 0.183 -0.669 2.001 -0.162 -0.941 1
-1.306 1.457 2.097 1.227 -0.561 0.542 -0.296 -1.059 -1.083 0.22 0
-0.092 0.963 0.689 -0.389 -1.489 1.377 1.192 0.103 -1.024 -0.585 0
-0.756 -1.419 -0.152 0.883 0.479 2.019 -1.782 -1.198 0.785 0.553 0
-0.066 -1.017 -0.765 0.629 -0.489 0.714 -0.279 -0.57 0.768 0.153 0
0.548 0.259 -0.924 -1.053 1.441 -0.03 0.157 -0.346 -0.51 0.432 1
-1.956 -1.966 0.285 -0.41 -1.452 0.313 -0.279 2.251 1.04 0.108 0
0.787 0.214 0.949 -0.528 0.892 -0.163 -0.147 -1.169 1.099 1.386 1
0.684 2.421 -0.864 0.49 1.648 0.541 -0.117 0.029 0.502 0.048 1
0.638 -0.867 -0.65 -0.93 0.742 -0.459 -0.599 0.446 -2.298 -0.797 1
0.354 -0.697 0.314 0.362 0.195 0.557 0.555 1.073 0.488 -1.328 0
0.483 1.557 1.075 -1.604 0.486 -0.143 -0.553 0.252 -0.297 -0.053 1
-0.435 0.937 0.12 1.276 0.479 -0.114 0.502 -0.544 0.133 1.015 0
0.412 1.806 2.192 -0.267 0.062 1.225 0.776 0.037 -1.715 -1.05 1
0.411 0.641 -0.055 -2.2 -0.704 1.177 -2.16 0.719 -0.604 1.398 0
-0.278 -0.228 2.274 0.356 -1.544 2.228 -0.085 -1.366 -0.747 -0.04 0
-0.158 -0.37 -0.103 -1.348 1.208 -0.843 -0.221 0.51 -0.357 -1.561 0
0.494 0.313 0.467 0.176 -0.967 -0.124 -2.116 -0.533 0.813 0.242 1
0.118 -0.03 0.067 -2.122 0.187 0.74 0.411 0.938 0.156 0.12 0
-0.301 -0.477 -2.159 0.175 1.182 1.709 1.615 -1.861 -0.345 0.062 0
0.308 0.042 0.64 1.038 0.156 1.804 0.493 -0.497 -0.425 -0.04 1
0.901 1.102 0.335 -0.26 -1.198 -0.923 -0.589 0.844 -0.569 0.505 1
-0.246 2.022 -1.136 -1.085 -1.281 -0.921 1.844 -0.42 0.382 -2.487 0
-0.29 1.29 -0.008 1.966 2.599 0.647 -0.039 0.027 1.461 1.395 0
1.016 -1.02 0.949 0.073 -0.381 0.203 -0.168 0.758 -0.211 -1.666 1
-0.311 0.666 -0.536 -0.017 1.714 -0.085 -1.11 0.892 0.367 -0.611 0
-1.041 -0.136 -0.314 -0.09 0.849 -1.743 -0.294 -1.506 0.676 1.304 0
0.744 1.047 -1.032 2.267 -0.714 1.212 -0.92 -1.188 -0.646 0.224 1
0.668 0.895 0.764 0.273 1.45 0.039 0.235 0.964 2.597 -1.826 1
-0.708 -1.331 -0.45 0.772 -1.113 -0.59 0.091 1.105 -0.098 1.262 0
0.177 0.294 0.471 0.582 0.629 0.733 -1.172 -1.282 -1.255 -1.063 1
-1.363 0.034 0.491 0.22 -1.236 1.302 -1.767 0.853 -0.504 -0.239 0
-0.115 -0.663 -0.864 1.414 0.559 -0.355 0.423 0.583 0.715 1.505 0
-1.023 -0.832 1.189 0.739 -0.409 0.276 -0.526 1.21 0.779 -0.462 0
-0.933 -0.686 0.348 1.825 -0.539 0.399 -0.122 -0.702 -2.316 0.321 0
-1.226 0.163 1.219 0.072 -0.56 -1.501 -0.311 -1.284 -0.968 -1.45 0
0.708 1.054 0.236 -0.792 -0.929 -2.344 -0.659 0.259 0.96 0.195 1
0.589 0.019 -2.142 -0.415 0.692 0.121 -1.888 0.656 -0.018 0.641 0
1.791 0.834 1.234 1.025 -0.265 0.4 0.127 1.978 1.264 2.351 0
0.214 -0.845 0.156 -0.877 -0.731 2.62 -1.619 1.355 -0.308 -0.139 0
2.541 0.587 0.758 -2.077 -0.252 -1.682 0.444 1.39 -0.034 0.048 1
-0.757 1.061 -0.302 0.995 0.102 -0.515 0.171 1.655 0.806 0.819 0
-0.151 -1.155 -0.516 0.039 0.608 0.047 0.175 -1.226 -1.255 1.221 0
-0.041 -0.849 -0.051 0.691 1.143 0.058 0.055 1.885 -0.265 -1.151 0
-1.099 0.257 -1.771 1.698 -0.85 -0.25 -0.005 -0.552 -0.613 -0.531 0
-1.489 0.214 -0.717 -0.209 -1.085 0.854 -0.23 0.073 0.774 2.448 0
-0.509 0.078 0.914 -0.032 1.888 0.237 0.172 1.546 -0.304 0.464 0
-0.558 -1.027 -0.552 0.177 1.209 0.934 0.115 0.198 0.259 0.719 0
-1.891 -0.72 -0.657 -2.134 -1.176 0.05 0.875 -0.214 -1.031 -0.818 0
1.36 -0.594 0.594 -0.402 1.27 -0.111 0.687 0.294 0.024 -1.274 1
1.302 1.439 1.492 -0.605 2.001 2.133 0.016 1.739 -2.276 0.795 1
-0.878 -0.267 -0.233 -0.497 1.545 0.675 -0.995 1.325 -1.507 -0.565 0
0.271 1.042 -1.763 0.556 0.239 -0.462 -0.248 -0.912 -0.46 -0.404 1
-0.09 -0.98 -0.13 -1.234 1.045 -0.163 0.134 0.153 -0.517 -0.248 0
-0.038 0.638 1.8 0.126 0.186 1.829 0.263 -1.724 -1.114 0.502 0
-0.264 -0.097 3.342 -0.568 -0.14 -0.973 -1.025 1.051 0.454 0.134 0
0.722 0.326 -0.646 -0.765 0.216 -0.325 -0.256 -1.229 -0.368 -1.768 1
0.598 1.28 -0.873 0.314 -0.178 -0.257 -0.009 1.451 -1.574 -1.191 1
-0.723 0.199 -0.799 1.447 1.209 1.137 0.882 -0.634 -0.954 -0.678 0
0.961 0.406 0.501 -0.476 -1.895 -1.015 -1.328 -0.163 -1.053 2.286 1
1.187 -0.263 1.001 -0.919 0.223 0.933 -1.962 -0.905 1.004 -0.688 1
1.128 -0.102 -0.219 0.371 0.28 -0.294 -0.694 -1.277 0.054 1.572 1
0.316 -0.165 0.423 0.393 0.258 0.646 0.509 1.255 -1.059 -0.32 1
1.147 0.366 -0.389 1.199 -1.037 0.075 -0.124 -0.09 -0.327 -1.998 1
-0.923 -1.177 0.351 -1.043 0.8 -0.413 0.965 -0.245 1.153 0.694 0
-0.677 0.411 0.524 -0.212 0.808 1.36 0.544 -1.114 0.281 0.94 0
-0.261 1.177 -1.471 1.296 0.765 -1.631 0.445 -0.145 -0.707 1.202 0
-0.382 0.066 -1.344 0.07 0.128 -1.92 -0.842 -0.4 1.204 -0.018 0
0.394 0.073 0.926 0.144 0.428 -0.799 1.175 -0.65 0.489 0.064 1
0.084 -0.376 -0.272 0.169 1.553 0.674 -0.791 0.575 -1.058 -2.366 1
0.632 1.47 1.071 0.944 -0.121 -0.912 -0.175 1.195 -0.858 0.986 1
-1.397 -0.319 -2.097 0.201 1.805 0.46 1.85 1.281 -2.179 -0.524 0
-1.315 -1.111 -0.434 0.012 -1.413 -0.845 -0.868 0.478 0.985 -0.627 0
-0.425 2.104 0.536 -0.535 0.743 1.599 1.191 -0.343 -1.531 1.177 0
1.594 0.764 0.143 -1.55 -1.001 -0.876 1.182 -0.328 1.896 0.488 0
0.321 1.083 0.184 1.023 0.917 -0.887 0.426 -0.525 0.089 0.613 1
-0.65 0.005 -0.849 -1.247 -0.129 -1.628 -0.643 0.663 0.858 -0.213 0
-0.522 -1.218 -0.166 1.673 1.336 0.051 0.377 -0.48 -1.118 1.388 0
-0.955 0.118 -0.73 -2.721 1.427 -0.281 0.436 1.032 -1.148 0.281 0
1.54 -1.023 0.992 0.466 -0.008 -0.577 1.554 -0.579 -1.163 -1.453 1
-1.339 -0.17 -0.719 -0.18 -0.428 -0.954 1.16 -0.794 -0.341 1.631 0
0.862 -0.255 -0.97 -0.45 -1.275 2.404 0.383 -1.847 -0.481 1.099 0
-0.359 0.649 -1.021 -0.627 -0.505 0.631 1.418 0.092 -0.439 -0.751 0
1.775 -0.672 1.191 -0.849 -0.149 1.102 0.145 0.55 0.245 1.501 0
-1.971 -1.392 -1.074 0.941 0.827 1.436 0.809 2.241 0.324 0.398 0
0.423 3.099 1.595 -0.2 0.57 -0.28 1.983 -1.258 0.649 -0.053 1
0.111 0.628 -1.199 0.724 0.79 1.768 1.268 -0.808 0.2 1.153 0
-1.722 0.902 1.178 -0.29 -0.419 1.007 -1.289 -0.479 -0.107 -1.795 0
0.705 -0.382 -1.861 1.168 2.921 1.056 0.119 0.34 1.119 0.294 0
-0.577 -0.81 0.193 -0.942 0.127 -0.108 -1.635 -0.979 0.551 -1.677 0
0.098 0.296 0.968 0.416 -0.47 0.927 0.637 1.813 0.146 1.864 0
1.494 -0.963 -0.479 -0.584 -0.001 -0.761 1.03 0.008 0.271 -0.542 0
1.433 0.103 0.266 -0.312 1.324 -0.731 -1.011 0.313 0.312 0.247 1
-0.947 3.219 0.39 -0.105 -2.814 0.193 0.516 0.824 0.531 -0.449 0
0.338 0.738 0.728 -0.512 -1.53 1.392 0.359 -0.153 -1.274 0.341 0
1.42 -0.055 0.112 0.019 -2.44 -0.103 -1.609 -0.206 -1.08 -1.766 1
-1.46 -0.404 0.651 -0.973 1.103 0.501 -1.052 -2.561 -1.014 -0.112 0
0.483 0.114 -0.779 1.961 0.226 -0.95 -1.317 1.477 -1.267 0.74 1
-1.213 0.347 0.474 1.454 -0.576 -0.197 -0.009 -0.107 -1.221 1.259 0
1.179 1.242 -1.142 -0.874 0.067 -0.012 -0.042 -1.219 -1.047 -1.232 1
1.083 0.689 -0.125 -1.242 -1.063 0.812 -0.202 -0.494 -1.029 -1.135 1
-1.29 -0.613 -0.788 0.311 -0.429 0.569 0.102 -0.297 -0.26 0.06 0
-1.74 0.609 -0.911 -0.011 0.194 0.268 -1.203 -0.972 -1.292 -0.649 0
1.297 1.224 0.916 -0.193 1.527 2.147 -0.066 0.031 0.764 -0.072 1
-0.449 -1.936 -1.391 -0.847 1.06 -0.516 -1.715 0.301 0.269 0.54 0
-0.961 0.052 1.058 -0.865 0.206 0.741 -1.764 1.538 -0.902 0.617 0
1.611 -0.092 2.777 -1.365 1.363 -0.906 -0.939 0.14 0.621 0.353 1
-0.068 0.996 -1.819 0.529 -0.342 1.614 1.09 0.712 0.544 0.253 0
-0.955 1.679 0.891 -0.186 0.42 0.844 0.428 0.037 -0.686 -0.972 0
1.048 -1.41 -1.59 1.695 -2.178 -1.348 1.077 1.033 -0.269 1.526 0
1.642 0.663 -0.841 0.793 1.54 -0.845 -0.577 -0.348 0.39 -1.271 1
-0.43 -0.969 0.296 0.161 0.038 2.359 -1.625 1.691 -0.107 -0.67 0
-0.824 -1.1 -1.124 0.487 -0.079 -0.648 -1.282 0.075 0.729 0.831 0
0.725 2.088 -0.554 0.16 -0.369 -1.296 0.984 1.05 -1.555 0.662 1
0.03 -0.359 -1.883 0.098 -2.139 0.493 -0.066 0.733 -0.092 -1.404 0
-0.948 0.274 -1.756 -1.74 -0.702 -0.958 0.551 0.909 0.511 -0.214 0
-0.509 0.419 -1.186 -1.265 -0.796 0.055 -0.156 -0.296 0.203 -0.265 0
2.65 0.766 -0.694 2.131 1.007 -0.401 1.909 0.844 0.269 0.02 1
0.535 -1.41 0.361 -0.397 -0.25 1.975 -0.468 0.46 -0.044 -0.801 0
0.463 -0.499 1.083 -1.754 1.149 1.715 -0.507 -0.024 -0.033 0.483 0
0.552 -1.635 1.681 -1.666 0.588 0.439 1.686 -0.288 -1.629 -0.75 1
0.322 0.112 -0.486 -1.013 0.151 0.315 0.563 -0.662 -0.691 0.667 0
-0.314 -0.887 0.18 -0.207 -0.752 -0.06 2.216 -2.374 -0.112 -1.6 0
-1.772 -0.423 1.452 0.447 0.941 -1.423 -2.27 -0.157 0.551 -1.359 0
0.963 -0.413 0.699 -0.825 2.121 -1.551 -0.297 -2.407 -1.199 0.981 1
-1.399 -0.451 1.02 -0.613 0.071 -1.343 0.332 0.427 0.489 0.642 0
1.032 -0.031 -1.018 0.225 2.248 -0.851 0.566 0.826 -0.599 0.529 1
-1.197 -0.954 0.53 0.116 0.623 1.615 0.236 0.045 -0.429 -1.05 0
1.304 -0.528 1.419 0.158 1.235 0.666 0.421 0.077 -1.72 0.073 1
0.702 0.519 0.145 0.889 0.308 0.686 1.114 0.843 0.305 0.546 0
0.304 -1.176 -0.487 -1.445 0.301 -0.331 -1.272 -0.498 -0.694 0.991 0
-1.057 -1.139 -1.706 0.748 1.091 -1.994 -1.521 -0.8 2.119 -1.884 0
0.522 1.06 -0.585 0.888 1.204 -0.763 0.175 -0.707 1.236 1.388 1
0.222 0.302 0.942 0.43 0.1 -0.03 0.495 0.988 -0.047 0.784 0
1.058 -0.693 -1.104 -0.902 1.823 -1.751 1.57 1.443 -0.033 -1.311 1
-1.159 -1.388 -0.508 1.148 -0.224 0.093 0.697 1.353 0.03 1.111 0
-1.82 -0.041 -0.698 0.184 -0.646 -0.088 -1.09 0.427 -0.892 -1.232 0
-0.839 -0.332 0.083 -0.887 0.244 0.532 0.805 -0.084 -0.213 -2.036 0
0.273 0.161 0.15 -0.998 1.567 -1.964 -1.532 1.776 0.11 0.216 1
-2.444 -1.38 -1.28 -0.33 -0.879 1.57 -2.159 -2.173 -0.1 -0.384 0
0.882 -1.023 1.62 -0.28 0.373 -0.547 1.036 -1.224 2.061 -0.426 1
-1.263 -0.169 0.948 -0.529 0.195 -0.227 0.417 0.952 -0.197 0.161 0
0.079 0.228 0.582 0.107 -1.222 1.226 0.143 1.196 -0.506 0.352 0
0.348 -0.04 -1.351 0.273 -2.658 2.015 2.775 0.344 0.86 -0.948 0
-0.121 -0.31 0.487 2.286 1.249 -2.081 -0.367 -0.218 1.849 -1.228 0
-0.695 -0.853 0.532 0.527 0.907 0.048 0.627 -0.853 0.042 0.533 0
-0.343 -1.529 1.069 -1.196 -0.571 -1.405 -0.377 -0.937 -0.15 -0.2 0
1.407 0.676 1.944 -0.342 -0.581 0.324 -0.577 -0.508 0.024 2.021 1
-0.317 -0.745 -0.909 -0.954 -1.694 0.776 1.345 -0.638 -1.449 -0.09 0
-1.031 -0.695 0.524 0.691 -2.575 -1.997 1.224 -0.512 1.12 -0.551 0
-0.293 0.27 -0.605 -0.355 -1.378 0.471 0.415 0.625 -0.403 1.084 0
0.674 0.377 0.537 0.768 -0.927 -0.233 -0.985 -0.64 -0.646 0.394 1
-0.33 0.724 -1.499 -0.298 -1.815 -0.367 0.666 -0.236 -0.259 -1.054 0
1.177 0.544 0.308 0.039 0.647 0.137 1.0 0.609 0.884 1.87 0
-0.748 1.428 1.26 -0.288 0.98 -0.455 -1.328 0.145 -0.235 0.925 0
-0.778 -0.011 1.51 1.237 0.074 0.603 -0.667 -1.337 -0.789 0.705 0
-0.147 -0.183 -0.508 -0.483 0.495 -3.252 1.172 0.483 0.845 0.417 0
1.17 -0.923 -0.739 0.825 1.28 -0.151 0.921 -0.999 1.118 -1.594 1
-1.084 0.066 1.766 0.828 -1.478 -1.162 -0.258 -0.156 -1.803 -0.459 0
-0.734 1.031 2.72 0.876 -1.151 0.613 0.732 1.24 -0.866 -2.179 0
-0.239 -0.785 0.594 -0.224 -0.025 -0.984 -0.267 1.459 0.657 -0.953 0
2.155 -0.686 2.431 1.81 1.694 0.67 0.351 -0.359 -0.11 -2.283 1
-1.455 -0.755 1.149 -0.143 1.071 -0.384 -1.133 0.148 -0.127 0.775 0
0.248 0.213 -0.443 -2.003 -1.913 -0.216 -0.553 0.429 -0.171 0.165 0
-0.416 -1.135 0.583 0.628 -0.349 1.858 -1.439 -0.956 -1.437 -1.076 0
0.34 -0.419 1.665 0.578 0.716 1.02 -1.39 -1.526 1.153 -2.013 1
-1.931 -1.192 0.291 -0.465 -1.197 -0.792 0.862 -1.319 0.632 0.513 0
-1.262 -0.54 0.474 -0.692 -0.069 0.292 -0.145 0.838 -0.82 -0.796 0
0.482 -0.182 1.377 0.773 0.066 0.033 0.379 0.934 -0.198 -0.069 1
-0.821 -0.761 0.793 2.752 -0.355 -0.052 0.597 0.468 -0.29 0.608 0
-0.996 -0.302 1.002 0.081 -0.017 0.073 -0.181 -3.111 -0.273 0.234 0
-0.088 0.524 0.556 -0.15 0.315 0.253 2.037 -1.538 1.016 -1.097 0
-0.84 0.645 -0.912 0.416 0.77 -1.537 1.306 -0.514 -0.045 -1.599 0
-0.561 0.914 -0.631 -2.092 -0.237 3.652 0.79 -0.126 -0.369 -1.185 0
-0.769 -0.433 1.564 -1.205 0.276 -0.112 -1.022 0.798 -0.503 -0.714 0
-1.083 1.219 -1.344 0.252 -1.181 0.692 2.143 1.289 -1.196 -0.049 0
-0.251 -0.747 -0.879 1.087 -0.873 1.696 0.213 0.389 -0.922 -0.699 0
-0.725 -1.422 -0.598 -0.15 0.944 0.999 -0.423 -0.406 -0.172 -0.705 0
-1.245 1.09 1.19 0.362 0.769 -0.005 -0.31 0.005 0.999 0.451 0
-1.106 0.517 -1.801 -1.907 0.768 -0.09 0.386 -0.187 -0.855 0.044 0
-0.041 1.106 1.023 0.139 1.131 0.074 -0.743 -0.688 -0.7 -0.318 0
-0.105 -0.193 -1.328 -0.099 0.653 0.627 0.716 -0.945 0.878 -0.389 0
-2.815 -0.314 0.621 0.602 0.121 1.819 0.035 0.306 1.088 0.893 0
-2.042 -0.279 0.136 -0.786 -0.699 0.032 1.293 -1.494 0.961 -2.159 0
-1.191 -1.055 1.412 -0.163 -0.118 0.521 0.462 -0.425 -0.573 -0.736 0
0.769 -0.713 -0.636 0.198 -0.346 -0.084 1.107 0.234 -0.934 0.826 0
-0.112 2.693 1.306 -1.02 -0.267 1.898 -1.927 -0.268 0.637 0.344 0
-0.568 0.394 2.062 0.932 -0.093 -0.251 -1.877 0.421 1.543 -0.081 0
1.724 -1.29 0.41 2.466 0.156 0.156 0.373 -0.304 -2.534 0.243 1
1.484 -1.139 0.896 0.49 0.235 1.834 -0.551 -0.527 -0.946 -0.698 1
-1.034 1.841 1.116 0.357 -0.641 0.363 -1.249 -1.219 -1.452 1.417 0
0.201 -0.612 -1.331 -0.709 -0.26 1.39 -0.257 -1.16 -0.242 -1.396 0
-1.648 0.577 0.484 0.053 1.531 -0.264 -1.361 0.408 -2.013 1.258 0
0.056 -1.016 -1.137 -0.533 0.591 0.118 -1.165 2.191 0.413 0.293 0
0.922 -0.107 1.655 -0.483 1.078 -0.533 -1.039 2.294 -0.743 1.674 1
1.417 -1.178 -0.475 1.591 0.185 -0.067 0.583 -1.223 -0.623 -0.62 1
-0.342 -0.523 -0.285 0.421 0.65 -0.047 0.233 -0.353 -2.621 -0.538 0
-1.793 -1.073 0.651 -0.089 -0.066 0.151 1.69 -0.591 0.189 -0.009 0
0.06 -1.512 -0.658 -0.228 -0.164 0.233 -1.487 -0.024 0.745 -0.222 0
0.524 -0.769 -0.705 -1.132 -1.714 0.529 -2.135 1.168 0.041 -0.091 0
1.059 -0.697 -0.844 -1.012 1.397 -0.814 2.847 -0.634 -0.703 -2.897 1
-1.246 0.722 0.791 0.921 1.413 0.95 -0.656 -0.283 -0.227 0.568 0
0.303 0.274 1.27 0.392 -0.193 0.51 -0.513 0.608 1.032 -1.757 1
-0.611 -0.642 -0.759 -0.237 -0.497 -0.364 1.239 -1.027 -1.482 1.47 0
-1.926 -2.255 1.463 -0.128 0.646 -0.09 0.225 0.638 1.288 -0.869 0
-0.537 -0.789 -0.388 0.683 -0.265 0.551 1.436 -1.233 1.283 -1.658 0
0.47 1.122 0.364 2.331 1.058 0.174 0.464 0.449 -0.454 0.589 1
0.459 -1.197 1.84 -1.304 -0.653 0.784 -0.391 0.235 -0.983 -0.518 1
1.292 -1.584 0.335 1.375 1.313 0.642 0.107 0.097 0.937 -0.166 1
2.23 -0.655 0.065 -0.234 1.626 -1.494 0.746 -1.548 0.095 -1.384 1
-0.987 0.108 -0.82 -0.204 0.957 2.196 -0.768 -1.608 0.807 -0.083 0
1.167 -0.737 0.917 -0.063 1.641 1.686 -2.201 -0.058 0.34 0.576 1
0.339 -1.761 1.785 -0.819 1.373 -0.932 -0.533 -0.804 0.556 0.427 1
-0.143 -0.351 0.73 -0.893 -1.172 -1.073 -0.564 -0.299 -1.126 0.059 0
-0.886 -1.129 0.071 0.999 -0.83 0.522 -0.143 -0.577 0.36 1.147 0
0.526 -1.175 -0.192 -0.903 1.944 -0.357 -1.077 -2.573 -0.12 -0.083 1
-2.292 0.241 -1.441 0.624 0.501 0.877 0.292 -1.664 0.443 -1.867 0
0.609 -0.106 1.561 -0.428 0.888 -0.175 0.091 2.161 -0.951 1.987 0
-0.365 0.699 1.096 0.426 -1.021 -0.481 0.367 -0.019 0.133 -0.245 0
-0.84 2.918 0.993 -0.326 -1.894 -0.239 0.961 -0.534 -0.835 -0.921 0
0.821 -1.73 -1.038 -0.583 0.32 -1.695 -1.781 0.36 1.149 1.658 0
-1.104 1.015 -1.487 1.082 0.78 -1.509 -0.106 0.105 -2.623 0.908 0
1.973 0.114 -0.034 0.006 -2.074 1.108 -0.794 0.325 -0.393 -0.315 1
-0.43 -1.076 -1.09 0.86 0.595 -0.551 -0.199 0.301 -0.226 1.219 0
-1.482 -0.59 0.337 -0.642 -0.068 0.609 0.655 -1.003 -0.852 1.131 0
-1.483 0.881 -0.742 0.421 0.532 0.708 1.007 -1.392 -2.8 0.757 0
-0.621 2.208 -0.816 -1.4 -0.951 1.308 -0.937 -1.829 0.373 0.157 0
-0.364 0.966 -1.325 -0.392 -1.363 0.168 0.386 -1.115 0.879 0.693 0
0.813 1.51 -0.352 -1.334 -0.298 1.094 0.453 -1.665 2.491 0.405 0
1.077 1.112 -1.697 -0.868 -1.092 0.355 0.87 -0.545 0.957 -0.522 0
-0.879 0.58 0.26 -0.035 -1.614 -0.373 -0.526 0.747 0.004 0.287 0
-0.2 1.18 -0.227 0.602 -1.923 1.524 -0.01 0.173 -0.037 0.491 0
-0.232 0.213 -1.777 0.236 -0.035 0.93 -0.366 0.61 -0.543 0.159 0
-1.058 -0.158 0.873 0.477 -0.544 -0.765 -0.058 0.718 0.165 -0.332 0
1.627 0.843 1.864 -0.594 -0.211 0.482 -1.431 -0.988 0.359 0.847 1
-0.788 1.384 -0.236 -1.166 0.724 -1.092 -0.429 -0.809 0.257 0.126 0
-0.531 1.594 -0.486 0.149 0.506 1.137 -0.567 1.527 -1.26 0.247 0
-0.422 -0.65 0.132 -0.852 -0.33 1.281 -2.53 1.161 -0.696 -0.125 0
0.131 0.769 -2.159 -0.42 1.615 -1.211 -2.69 -1.419 1.428 -1.59 1
-0.408 -0.308 1.095 0.793 0.251 1.777 0.23 -2.529 -0.846 -2.555 0
-1.081 0.06 1.624 1.158 0.579 0.199 -0.165 0.258 0.197 -0.752 0
0.557 1.325 1.557 0.057 0.133 0.221 -0.438 -0.199 -1.358 -0.858 1
-0.174 -1.725 1.474 0.997 0.675 -0.77 0.881 0.224 0.022 0.508 0
0.022 0.803 0.16 -0.953 -0.123 0.356 0.208 0.265 -0.324 -0.92 1
0.987 0.516 0.275 0.481 1.049 -0.386 1.484 1.806 0.666 -0.215 0
-0.617 1.202 -0.684 -0.655 0.113 -0.336 -0.26 0.674 -0.05 1.481 0
-1.646 -0.058 -0.786 -1.397 -0.133 1.465 -0.18 0.071 0.587 0.156 0
0.856 2.059 -0.069 -0.82 0.267 0.301 -0.813 -0.963 -0.477 0.329 1
0.437 0.045 -0.461 1.171 -0.685 -0.808 -0.482 0.097 0.75 2.112 0
-1.67 0.424 1.457 -1.61 -0.559 -0.288 -0.015 0.202 0.643 0.427 0
0.812 -1.082 0.113 -0.31 0.856 0.243 0.437 1.82 -1.127 0.163 0
2.323 0.049 -0.357 -1.147 -0.589 0.144 -0.116 -1.538 0.383 1.208 1
1.11 -0.027 1.212 0.536 -0.55 0.935 -1.419 1.796 -0.438 0.132 1
-0.687 -1.805 1.802 -0.769 1.923 -1.961 -1.385 -0.884 0.237 -0.518 0
0.362 -2.007 0.192 0.289 0.284 1.433 -0.705 0.702 0.545 0.866 0
0.323 0.743 -0.883 -1.325 2.112 0.688 -1.765 1.453 -0.833 0.707 1
0.787 0.026 0.016 -1.393 0.747 -0.777 1.672 -0.489 0.35 -0.341 0
-1.574 0.639 -1.258 -0.41 1.756 0.756 1.166 -0.833 0.395 2.026 0
1.642 0.489 -1.307 -0.429 0.114 0.234 -0.751 -0.149 0.465 -1.402 1
0.442 -1.084 0.692 0.921 -0.604 0.404 0.94 1.071 1.448 1.846 0
-0.218 -1.42 0.541 -1.93 -1.244 -0.859 -0.877 0.712 -0.749 -0.228 0
0.295 0.666 0.271 0.201 0.924 0.042 -0.93 -0.203 -0.617 0.067 1
0.072 -1.262 0.151 -1.59 0.324 -1.387 0.681 -1.514 0.219 -0.502 1
0.295 0.626 0.799 -0.769 0.225 0.645 -0.599 2.018 -1.067 2.003 0
-0.07 0.043 -1.704 0.221 0.403 -0.494 2.049 0.328 1.131 0.55 0
1.44 0.459 -1.271 -0.804 -0.353 -0.595 -0.703 -0.758 -1.366 -1.857 1
0.938 1.847 -0.893 -1.458 1.093 -0.823 -0.664 -1.225 0.701 0.914 1
0.588 0.049 0.25 -1.412 -0.222 -0.338 2.744 2.106 1.558 -0.769 0
-0.869 -0.537 1.321 -1.029 0.17 0.99 -0.378 -1.029 0.785 -0.471 0
-1.993 -0.416 0.283 -0.364 0.188 -1.272 1.592 1.306 -0.426 2.596 0
-0.516 0.575 -1.962 0.094 0.512 0.797 0.078 0.667 1.991 1.49 0
-0.89 -1.543 -2.13 0.52 0.466 1.863 -0.729 -0.051 0.293 0.706 0
0.926 -0.342 1.014 -0.92 -0.304 -0.489 -0.388 -1.596 -0.992 0.558 1
-0.867 -0.07 0.022 -1.289 -0.01 -0.103 0.895 0.012 -0.718 -0.409 0
-0.307 1.647 -0.551 1.476 -0.17 0.871 0.777 0.152 -1.518 -0.065 0
-0.264 -0.219 1.557 -0.971 -1.234 -0.975 -0.174 -0.767 -1.125 -0.303 0
-1.528 0.254 -1.584 0.519 -0.851 -0.028 -0.455 1.295 0.931 0.647 0
-0.297 2.315 0.215 0.874 0.622 -2.239 -0.786 0.809 -1.448 -1.068 0
0.274 -0.393 -0.05 0.371 -1.111 1.959 -0.751 -0.027 0.248 -0.099 0
0.729 -0.028 0.008 0.515 -1.166 0.199 -1.42 -0.259 -0.283 0.071 1
0.35 -0.322 0.777 -0.138 -2.039 0.024 0.994 0.56 -1.293 -2.298 1
0.318 2.398 -1.253 0.213 -1.091 -1.611 -0.274 -0.702 -0.307 0.326 1
-0.422 0.3 -0.783 0.649 2.251 0.701 1.71 -0.783 -0.197 -0.857 0
-0.424 0.32 -1.384 -0.307 -0.88 -0.103 1.693 -1.427 -0.421 1.134 0
-0.424 0.901 -0.481 2.172 -1.227 -2.048 0.278 -0.41 0.599 0.457 0
-2.055 0.18 0.013 1.297 0.804 -0.821 1.647 1.094 -0.715 -0.771 0
0.56 0.167 -0.531 0.213 0.879 -1.184 0.335 -0.38 1.608 -1.017 1
0.55 2.619 -0.863 -1.241 -0.095 0.806 -0.09 0.152 0.03 -1.344 1
-1.56 0.087 0.103 -0.401 0.361 -0.146 -1.213 -0.904 0.331 -0.747 0
-0.074 1.368 0.057 -0.694 0.048 0.034 -2.413 0.497 -2.291 -0.411 0
-0.04 -1.077 -1.486 0.562 0.148 2.696 -1.191 0.746 -0.195 -1.628 0
-0.271 1.355 0.793 1.262 1.472 -0.641 0.682 -0.366 0.705 -1.796 0
-0.622 1.745 0.436 0.936 0.266 1.51 -0.035 0.058 2.742 -1.117 0
0.202 0.42 0.44 -0.178 -0.025 0.438 -0.292 -0.255 0.334 0.649 0
-0.728 -1.229 0.614 -0.718 0.32 -1.074 0.504 -0.073 -0.161 0.764 0
-1.048 0.046 -0.57 0.466 -0.431 -0.064 -1.346 -0.91 1.585 -1.395 0
0.384 -0.025 1.577 -2.366 0.251 1.106 -0.024 1.042 -0.207 1.817 0
-0.396 1.666 -1.542 -0.174 0.491 -0.822 0.406 -1.028 2.54 -1.024 0
-1.143 1.655 -0.916 -0.384 0.579 0.362 0.113 -1.726 0.128 0.301 0
-0.061 -0.076 0.056 -0.378 -1.543 -1.012 -0.557 1.519 0.981 -0.673 0
-3.166 -1.301 -1.093 -0.512 -0.811 0.721 -1.836 1.348 -0.334 -0.855 0
-0.168 0.575 0.889 -0.165 -1.675 1.281 0.816 -0.131 0.001 -1.58 0
-0.931 -1.351 -0.597 1.077 0.69 -0.335 1.179 -0.653 0.746 -0.542 0
-1.234 -1.641 -0.706 -0.956 -0.183 2.0 1.304 -0.948 -1.534 2.69 0
-0.809 -0.398 1.933 1.021 -0.962 0.212 -0.319 -0.257 0.028 0.687 0
1.248 0.514 0.183 1.323 -0.439 -0.943 0.816 -2.12 0.922 -1.883 1
0.988 -0.108 -0.487 2.175 0.651 -0.526 0.669 -1.296 -0.303 -0.926 1
-0.122 -0.25 -0.553 -1.559 0.949 -0.795 -0.635 -1.685 0.547 0.901 0
0.166 -1.374 1.399 -1.039 0.975 -1.287 0.123 0.072 0.51 0.05 1
-0.217 0.581 -1.126 -1.349 0.589 -0.301 0.838 -2.665 -0.068 0.552 0
1.308 -0.666 -0.771 0.26 1.295 0.952 -2.306 0.834 -1.699 -1.075 1
0.131 0.319 0.248 -1.94 0.773 -0.152 1.041 1.086 0.989 0.285 0
-0.104 -1.242 0.689 0.322 -0.416 -2.082 0.224 0.249 -0.6 1.361 0
0.996 0.847 -0.344 -0.658 -1.996 0.243 0.8 -1.578 2.081 -0.235 0
0.447 -0.446 -0.429 0.15 0.898 0.048 1.716 0.795 -0.244 -1.454 0
1.489 -0.011 -1.4 1.544 -0.786 -1.204 -0.423 1.059 1.106 -2.314 1
0.535 -0.416 0.703 -0.414 0.117 0.75 0.17 0.27 -0.225 -1.028 1
0.393 -0.64 -0.048 1.485 0.936 -0.758 -1.457 0.267 -2.696 0.885 1
-0.639 -2.742 1.008 -0.418 -2.119 0.612 0.061 0.388 -1.347 -0.589 0
0.527 -0.144 -1.311 -0.025 -0.664 -0.404 0.756 0.8 1.04 -1.285 0
-0.965 -0.288 -0.253 0.918 1.397 0.399 -1.29 0.139 1.176 0.648 0
0.242 0.317 -0.79 -1.009 2.547 -1.281 0.846 -0.059 -3.084 1.228 1
0.647 0.336 -0.386 1.194 0.564 1.052 1.118 -1.842 -0.128 -1.451 1
-0.509 -0.544 0.609 0.059 -1.092 1.66 0.529 -0.744 0.413 -0.975 0
1.363 -1.102 -0.234 -0.006 -0.383 0.114 -0.88 -1.198 -1.151 0.752 1
1.323 -2.177 1.052 0.692 -0.757 0.644 -0.467 -0.671 -1.701 2.054 1
0.488 1.208 0.159 0.808 -0.399 0.509 1.364 -0.769 -1.195 2.768 0
1.268 2.231 -0.333 -0.055 -0.001 -1.785 0.87 1.892 -0.918 0.045 1
-0.922 1.151 -1.294 2.259 -0.194 -1.168 -1.118 1.799 -1.144 1.702 0
0.609 -0.342 -1.157 1.158 -0.447 -2.019 1.293 -1.622 -0.489 0.458 1
0.943 -1.104 0.382 0.536 1.361 -1.29 1.238 2.027 -0.796 0.072 1
0.492 1.632 -1.297 -1.407 -0.786 2.213 0.323 -0.448 1.101 -0.701 0
0.585 -1.075 -0.206 -0.03 -0.366 0.639 0.662 0.918 0.417 -2.033 0
1.861 0.335 -0.85 -0.152 -1.029 -0.44 -0.658 -0.465 2.141 -0.63 1
-1.148 0.782 -0.911 2.888 -0.517 1.341 0.455 -0.283 -0.025 0.014 0
0.701 -0.251 -0.555 -0.36 1.405 -1.054 -0.575 -0.091 -0.339 0.522 1
0.623 -1.336 1.908 0.139 -2.373 0.358 0.345 -0.225 0.501 -0.687 0
-0.458 0.803 0.331 -1.6 0.16 -1.078 -0.104 0.04 -0.521 -0.155 0
0.56 1.339 0.054 0.446 1.401 -0.022 -0.67 0.027 -1.991 0.762 1
-0.883 -1.665 0.626 0.69 0.741 0.7 0.99 -1.232 2.195 0.151 0
0.393 -0.102 -0.574 0.48 -1.123 1.1 -0.51 -0.836 -0.785 0.115 0
-0.008 -1.185 0.788 -0.595 1.195 1.336 0.115 0.919 0.826 0.915 0
-1.218 0.462 0.594 -0.151 -0.316 -1.232 0.194 0.395 -0.775 -0.065 0
-0.811 1.002 -0.698 -1.083 -0.335 0.478 0.148 -1.188 0.984 -0.002 0
0.231 -1.371 -0.475 -0.52 -0.44 -0.983 0.926 0.088 -0.669 -1.715 0
1.179 -0.993 -1.485 1.049 -0.469 0.119 -1.078 -1.491 0.382 -0.071 1
-1.097 -0.4 -0.72 -0.856 -0.747 0.26 -0.206 -2.015 -0.124 0.989 0
0.741 0.668 0.421 1.562 -0.703 0.521 1.227 -0.222 -0.551 0.969 1
-0.274 1.085 -0.542 0.709 -1.024 0.392 1.507 -0.985 -1.087 0.76 0
0.67 1.475 -1.544 -1.189 -1.426 -0.992 -1.579 0.818 -0.925 -0.948 1
-0.557 -0.639 -0.636 -0.858 -0.369 -0.394 0.611 -0.369 1.121 0.077 0
0.381 0.846 1.849 0.114 -0.524 -0.498 2.7 1.882 -1.086 0.473 0
-1.611 -1.025 -0.291 0.541 0.231 0.277 -0.887 -0.034 0.633 -1.379 0
0.689 1.536 -0.554 0.831 -0.922 -0.454 1.033 -0.046 -1.591 -1.495 1
1.804 1.86 -0.685 -0.023 0.689 1.659 0.475 -0.45 -1.234 2.108 1
1.118 -1.297 1.691 -0.253 -0.024 0.096 0.252 1.649 0.28 0.211 0
0.264 -1.208 0.75 -0.333 -0.72 0.05 0.361 -0.46 1.038 0.556 0
0.182 1.745 -2.285 0.539 -0.249 -0.357 0.684 0.779 -0.425 0.155 0
-0.098 -0.758 0.178 1.138 0.364 0.266 1.699 -1.147 0.451 -0.582 0
-2.321 -1.657 -1.185 1.23 -1.231 0.142 -1.569 -0.275 -0.006 -1.449 0
0.619 -0.954 -0.944 -1.622 0.563 -0.958 -0.985 -0.067 0.55 -1.112 1
-2.334 -0.173 0.747 -0.244 1.51 -0.466 0.971 1.072 0.054 0.263 0
0.125 2.041 -1.047 -1.617 -0.28 0.279 -0.247 1.134 1.405 -0.592 0
0.774 -0.794 0.273 1.132 -0.991 1.428 0.788 1.655 -0.706 1.613 0
-0.474 -0.837 1.979 0.828 0.799 -0.125 0.408 1.52 0.394 -0.033 0
1.269 0.593 -0.306 2.234 0.7 -0.418 -1.823 0.295 -0.81 -0.458 1
0.122 -0.808 0.866 1.102 0.845 2.453 -0.74 1.812 0.216 0.424 0
0.121 -0.778 1.323 -0.729 0.03 -1.993 -0.851 -0.348 1.29 1.183 1
1.31 -0.305 0.797 -0.309 -0.938 -0.118 1.278 1.099 -0.281 -0.576 0
-0.068 0.221 1.838 0.534 0.008 -1.507 -0.846 -0.382 0.524 -0.917 0
-0.68 -1.251 -1.309 -1.947 1.804 0.031 0.694 1.631 0.955 -0.603 0
0.385 -0.143 -1.313 -0.836 -1.193 0.323 1.1 -1.4 -1.28 -0.978 0
1.962 0.053 -1.382 -0.881 0.45 0.827 -1.111 -0.671 -0.149 -2.21 1
-0.287 0.566 -0.082 -0.439 2.126 0.94 1.024 1.585 -0.058 1.638 0
-0.517 0.502 0.412 -0.679 -1.579 -1.492 -0.143 -0.176 0.249 -0.041 0
-1.828 2.068 -0.88 0.538 0.286 -0.096 0.817 2.135 0.289 -0.509 0
0.507 0.895 0.714 0.658 1.311 0.555 0.728 0.08 -0.225 0.383 1
-0.14 -0.89 -0.116 2.21 0.897 0.009 -0.082 -0.143 -1.079 -0.195 0
-0.777 1.097 1.074 -0.899 -0.033 -0.209 0.028 2.954 0.544 -0.732 0
1.254 1.582 -0.457 1.411 -2.128 1.075 0.763 0.208 0.424 1.391 0
-1.081 -0.917 0.828 -0.285 1.833 -0.011 -0.306 -0.755 1.009 0.345 0
0.962 -0.434 0.389 0.381 0.75 -1.029 0.006 0.555 -0.461 0.329 1
-0.839 0.512 0.715 -0.059 -2.526 0.35 -0.696 0.732 -0.18 1.855 0
1.005 -1.526 -1.392 0.776 0.346 1.036 -0.039 0.589 1.686 1.1 0
0.416 0.58 -0.184 1.99 1.056 -0.082 0.182 0.181 0.713 -0.586 1
-1.519 -2.349 0.684 -1.513 2.08 -0.355 -0.469 -0.495 1.34 -0.231 0
-0.102 0.209 1.906 1.083 0.347 0.61 2.263 -0.628 -0.938 -0.054 0
-0.195 0.064 -0.201 -0.075 0.157 -0.07 -0.317 -0.198 0.175 -0.799 0
0.475 -0.181 1.273 -2.073 -0.995 -1.449 0.198 2.433 -0.358 0.436 0
-0.183 0.34 0.865 -0.728 -0.421 -0.684 -0.111 -0.084 -0.989 -0.107 0
-0.152 0.33 0.663 0.276 -0.671 0.919 -1.408 0.873 0.363 -1.205 0
-0.307 0.703 1.086 0.782 -1.49 -1.199 -0.064 3.016 0.273 -0.412 0
-0.473 -1.683 -0.916 -0.615 0.758 0.444 -0.129 -1.059 -1.038 1.211 0
-0.05 -0.455 1.014 -0.33 -1.081 -0.098 -1.224 1.96 -0.244 0.034 0
0.133 2.209 -0.529 0.595 -0.019 -0.351 1.337 -0.511 0.012 1.325 1
1.424 -1.965 0.771 0.824 0.275 0.29 0.079 -0.614 -0.927 -1.018 1
0.372 1.39 -0.547 0.15 2.006 -1.069 0.154 -1.04 2.538 0.996 1
2.201 0.3 -0.429 -0.806 0.843 -1.277 -1.054 -0.882 0.568 -1.388 1
0.608 -0.78 -0.658 2.109 1.109 0.57 -1.01 -0.397 -0.138 0.858 1
2.023 -1.372 -1.278 -0.197 0.84 -1.783 -1.364 1.429 -0.054 -0.753 1
-0.289 -0.001 0.905 0.714 -0.29 -0.074 0.374 -0.576 0.771 -0.886 0
1.334 -2.242 -0.217 -1.042 -0.211 1.646 0.345 0.578 0.494 -2.853 0
-0.705 0.334 -0.177 -0.78 0.877 0.759 -0.472 0.134 0.921 -0.593 0
-1.039 -0.069 -0.233 -1.272 -0.939 -0.262 -0.759 0.003 -0.296 0.604 0
0.349 -0.588 -0.485 1.133 -1.555 -0.309 -1.343 0.029 0.865 0.821 0
0.197 0.427 0.311 -0.012 -0.862 -0.418 -0.463 1.924 -0.829 -0.83 1
1.542 -1.3 -0.947 -0.392 1.486 0.31 -1.378 1.657 -0.489 1.269 0
0.694 -0.728 0.064 0.371 1.069 -0.224 -0.326 0.523 0.064 -0.319 1
-0.862 -0.913 0.389 0.937 -0.439 1.254 -0.074 0.181 0.505 -0.682 0
0.031 -0.165 -0.305 -0.621 0.901 -0.031 -0.272 0.117 -0.915 -0.478 1
1.187 -1.626 -2.155 -2.008 1.607 0.453 0.668 -0.706 2.09 2.377 0
-0.369 0.111 0.086 -0.701 1.326 0.021 1.334 -1.042 1.299 0.117 0
-0.679 -0.542 -0.53 0.006 -1.535 -1.827 1.273 -1.289 -1.688 2.083 0
-1.201 -1.518 -0.153 -0.299 -1.329 -0.471 0.542 1.43 0.941 -0.31 0
-0.714 -0.288 -0.85 -1.456 -2.306 -1.387 -1.221 -1.621 -0.46 -0.297 0
-0.053 0.26 -1.55 -1.287 0.117 1.536 -0.363 0.411 1.063 0.409 0
1.937 1.953 -0.649 -1.157 1.368 1.591 -1.795 -0.55 -1.338 1.102 1
-0.701 0.032 -1.905 -1.174 -0.782 -1.775 0.056 -0.782 -1.193 1.331 0
-1.07 -0.154 -0.933 0.563 -2.808 -1.288 0.51 0.195 0.543 2.252 0
1.111 -0.002 -2.202 0.502 1.65 -1.346 0.436 0.873 -0.366 0.863 1
-0.332 0.845 -0.882 -0.949 2.829 -0.158 -1.473 1.04 0.836 0.679 0
-1.057 -0.156 0.808 -1.078 1.314 0.494 -0.425 0.756 0.783 1.528 0
1.884 0.751 1.036 0.902 0.237 -1.581 1.071 0.681 0.679 -1.517 1
0.105 -0.04 -1.672 -0.165 -0.804 1.34 1.214 -0.134 0.213 0.887 0
-0.016 -0.54 1.527 -0.045 -0.596 -0.64 -0.002 -0.205 -0.791 -0.303 0
-0.347 2.326 -0.127 -0.263 -0.458 -0.2 -0.956 0.082 0.203 -0.972 0
2.32 1.762 -1.0 0.617 -2.282 -0.936 2.603 0.713 2.001 -0.053 0
-1.292 -1.935 0.034 -2.105 -0.669 0.016 0.953 -1.083 0.033 0.174 0
0.622 -0.338 -0.145 -0.468 -1.166 1.117 -0.877 0.027 -0.902 0.966 0
0.343 -1.601 0.819 2.297 0.58 -0.115 1.956 0.703 -1.185 0.09 1
1.159 0.759 -0.272 -0.038 0.889 0.03 -1.116 1.207 0.462 -0.099 1
-0.346 0.575 -0.889 -1.518 -1.636 -1.216 -1.59 -0.205 -0.906 0.272 0
0.055 -1.408 -0.491 -0.015 -0.523 -0.691 -0.265 -1.083 0.345 -1.761 1
-2.007 0.441 -0.333 0.517 2.043 -0.634 -0.579 -1.17 -0.004 -0.236 0
0.045 0.231 1.062 0.064 0.193 0.134 -0.837 0.447 0.564 0.084 1
0.572 0.602 0.348 0.612 -0.239 -0.753 0.155 -0.753 2.292 -0.938 1
1.243 -0.18 -2.305 -2.438 -0.575 -0.382 1.167 0.863 -0.362 1.267 0
-0.691 0.585 -0.61 0.467 2.049 -1.69 1.465 1.144 0.996 -1.765 0
0.684 1.614 0.903 -0.058 0.865 -1.369 -0.197 -0.311 -0.412 -0.389 1
0.966 -1.298 0.092 -0.75 0.914 0.778 0.024 0.216 1.233 1.316 0
0.755 1.231 -0.141 -1.475 0.254 -0.48 1.509 -1.055 0.807 0.453 0
0.565 -0.709 -0.016 -0.944 -1.672 -1.268 0.286 0.674 0.997 -2.0 0
-1.135 -1.155 -2.369 2.293 0.456 -2.568 -0.095 -1.558 0.343 -0.013 0
-0.824 -0.339 -1.376 1.602 -0.593 1.308 -1.696 1.446 0.017 0.005 0
0.242 -0.491 -0.525 0.382 -0.211 -2.333 -0.258 -0.589 -0.214 -0.357 1
1.072 -1.032 1.749 0.049 1.11 -0.789 0.052 -0.764 1.843 0.699 1
0.705 0.21 0.33 1.351 -0.544 -0.154 -0.916 -0.202 -0.241 2.311 1
0.032 0.821 1.674 -0.326 -0.855 0.915 0.166 -0.123 1.255 -0.327 0
-0.383 0.779 0.493 0.816 0.806 0.035 1.591 1.052 1.22 -0.789 0
-0.503 -1.487 0.859 -0.028 0.008 0.337 0.305 -0.857 0.491 0.483 0
0.414 0.128 -0.378 -1.56 0.225 1.559 1.813 1.338 1.684 -1.433 0
-0.907 1.395 -0.414 -0.814 1.229 0.214 -0.838 -0.334 0.075 0.331 0
-0.521 0.618 -0.64 0.125 -0.632 -1.605 0.774 0.579 -0.9 -0.151 0
1.059 0.29 -1.175 1.595 -0.611 -0.229 -0.115 -1.266 0.508 -1.033 1
0.596 -0.854 0.459 -1.354 0.027 1.514 1.25 0.377 -0.807 -0.007 0
1.745 -2.211 0.719 0.547 -0.822 0.475 -1.353 0.571 1.163 0.227 0
-2.696 -1.92 -0.811 0.22 -0.553 1.117 1.045 1.063 0.623 0.3 0
-0.865 1.683 0.01 0.278 0.074 -0.327 0.713 0.16 0.61 -0.849 0
-1.451 0.355 1.32 -0.015 -1.853 0.112 1.061 0.0 0.001 1.219 0
2.278 0.217 0.316 -0.747 -0.337 0.224 1.483 0.314 1.038 -0.268 0
0.277 0.776 2.168 -0.609 -0.325 -0.331 0.116 -0.243 -0.489 0.081 1
-1.105 -0.344 0.554 1.352 0.01 0.964 -0.638 1.952 0.602 -0.456 0
0.024 -0.396 -0.528 0.019 1.315 0.069 0.627 0.009 0.238 0.029 0
-0.343 -0.501 1.145 -0.573 0.317 -0.238 0.322 0.2 0.838 0.449 0
-0.245 -0.787 0.175 0.247 0.134 0.291 0.157 -0.122 -0.139 -0.634 0
-0.792 1.687 0.172 0.023 1.446 1.748 1.123 -0.704 0.865 -0.587 0
1.246 -0.329 -0.309 1.546 1.557 -0.445 -0.318 0.224 0.277 0.287 1
-0.136 1.525 1.417 -0.486 0.196 -0.649 0.055 -0.208 0.268 0.259 0
-1.414 -0.887 -0.672 0.45 1.262 0.092 -1.124 0.473 0.26 -0.077 0
1.74 0.444 -1.447 0.314 -1.746 0.496 0.892 -0.106 0.172 -1.033 0
0.341 1.28 -0.344 0.331 -0.899 -0.255 1.011 1.501 0.634 -0.365 0
-0.329 -0.677 0.603 -0.343 0.41 -0.883 -0.216 0.3 -0.804 1.039 0
-0.09 2.304 0.384 1.853 1.234 -1.134 -0.899 -1.033 0.249 2.637 0
1.262 0.664 -1.234 1.421 -0.99 -0.37 0.209 -0.049 -0.735 -0.435 1
1.266 1.371 0.287 1.283 -0.184 0.13 0.317 -0.104 -2.026 -0.658 1
0.607 -1.691 0.213 1.035 0.14 0.703 0.877 2.885 -0.711 0.22 0
-0.919 0.044 -1.294 -0.71 -0.946 0.027 0.194 -0.117 -0.823 0.825 0
0.233 0.039 0.134 0.275 -0.891 -0.313 0.676 0.379 -1.368 -0.932 1
-1.081 -0.642 0.734 -1.066 0.078 -1.288 0.265 1.535 -0.022 -0.327 0
-0.438 -0.311 -1.459 -1.924 0.113 0.776 -0.914 -1.157 -0.312 -1.531 0
0.618 0.425 -0.577 -1.134 -0.251 0.104 -1.091 1.42 0.993 -0.399 0
-0.434 -0.096 -1.609 -0.683 1.299 0.873 -2.031 -0.811 0.327 0.247 0
-0.119 0.317 -0.568 -0.631 0.001 0.757 -0.587 0.765 -0.381 -1.04 0
0.738 -3.148 -1.452 0.184 -0.195 -0.739 0.301 1.173 -0.453 0.436 0
1.014 -1.492 -0.399 3.102 0.043 -0.952 -0.224 1.476 0.061 -0.297 1
-0.818 -2.458 1.145 -0.912 0.29 0.929 0.318 1.212 1.212 0.057 0
-0.868 -1.327 -0.761 -0.275 -0.892 -0.013 0.623 -1.034 0.602 -1.847 0
-0.62 -0.464 -0.32 -0.152 0.526 -1.049 -0.614 0.06 -0.649 -1.154 0
2.154 2.076 -0.396 0.233 -1.411 -0.702 -0.002 -0.548 -0.883 -1.916 1
1.398 -0.602 3.719 -0.327 -0.647 -0.703 -0.355 1.514 0.362 -0.04 1
-1.049 -1.059 -2.334 -1.928 -0.187 0.183 -0.82 -2.092 -1.041 -0.046 0
-0.111 1.934 0.705 0.712 2.22 -1.648 -0.981 -0.706 0.133 0.125 0
-0.949 -1.158 -0.172 1.384 -0.736 0.289 0.683 0.855 -0.522 -0.707 0
2.092 0.735 0.907 -1.763 0.298 -0.399 -1.029 1.847 -0.257 -0.728 1
0.324 0.035 1.353 0.674 2.141 -0.061 -0.528 -1.468 0.037 -0.559 1
-1.82 0.086 0.955 -0.174 -0.705 0.575 -0.452 1.969 0.559 -1.1 0
1.694 0.274 0.751 -0.354 0.381 -0.033 -0.288 1.169 0.132 1.521 1
0.429 0.453 -0.727 -0.649 -0.186 0.572 0.873 1.182 1.144 -0.692 0
1.62 0.999 0.7 -0.023 0.0 -0.208 0.595 0.559 1.018 -0.668 1
0.097 0.806 -0.492 2.131 -0.806 -0.681 -0.744 0.134 0.998 -0.942 1
-0.668 -0.961 1.054 -0.016 0.435 -1.524 -0.38 0.134 -3.318 -0.39 0
0.482 -0.651 0.769 -0.453 0.526 -1.32 -0.404 -0.895 0.297 0.073 1
0.933 0.362 -1.147 -0.664 -1.258 1.039 1.522 0.488 -0.37 -0.25 0
-0.475 1.397 -1.196 -0.565 1.911 -1.045 -0.344 0.533 0.515 0.444 0
-0.538 -0.303 -1.369 0.642 0.567 -0.555 0.823 -0.27 -1.263 0.199 0
0.109 -1.188 -0.072 0.934 -0.13 0.504 -0.986 0.48 -0.582 -0.515 1
-0.469 -0.234 -1.571 -1.871 1.368 0.572 1.414 1.511 -1.075 0.704 0
0.196 -0.082 -1.454 -1.119 1.013 -0.48 -0.778 -1.968 0.515 0.897 1
-0.11 -1.096 -1.2 0.119 0.424 -1.269 0.636 0.112 -1.051 1.208 0
1.267 -1.145 -1.704 -0.824 -0.593 -0.061 1.536 1.189 1.415 1.962 0
-0.53 -0.225 0.349 -0.353 -0.714 0.12 -0.081 0.369 2.169 -1.393 0
-0.485 0.181 0.354 0.196 -0.61 -0.306 1.363 0.439 0.151 0.969 0
0.433 -0.325 -0.931 0.265 -0.532 -0.503 -1.005 -0.117 -0.181 -0.481 1
1.161 0.912 1.786 0.671 -0.876 0.222 -0.746 -1.126 0.808 -1.331 1
-0.42 0.887 0.534 0.056 -0.453 0.328 1.043 1.042 -0.469 1.037 0
-0.209 0.826 0.353 0.825 -0.107 -1.181 0.462 0.199 0.47 0.06 0
-0.853 -1.333 -0.327 1.061 0.705 1.982 -0.403 0.628 0.016 1.036 0
0.89 0.238 1.006 -0.566 1.314 -0.707 -1.376 -1.628 -1.219 0.641 1
-1.249 1.564 0.424 0.764 -0.672 -1.35 0.386 0.02 -0.319 -0.73 0
-0.42 0.086 1.099 -0.615 -1.218 1.068 0.32 1.668 -1.865 -1.63 0
1.995 0.841 0.058 -1.619 0.988 -0.263 -0.279 -0.356 0.304 2.341 1
0.58 -0.529 -0.666 -0.455 0.329 -0.274 0.9 0.482 -0.073 1.401 0
0.246 0.889 -3.127 -0.941 1.03 -0.806 1.036 0.38 -1.482 0.287 0
-1.803 -0.459 -0.763 -0.107 0.485 -2.428 0.73 -0.574 -0.974 -0.699 0
-0.578 -0.94 0.559 0.825 1.758 -0.774 0.835 1.653 0.401 0.778 0
-0.722 -0.067 -0.352 -1.837 0.729 -0.214 0.495 0.593 0.893 1.966 0
-1.907 0.244 0.378 0.281 1.157 -1.623 -1.229 0.166 -0.313 0.916 0
-0.365 1.049 -0.47 0.067 -0.239 -0.401 -0.54 0.782 0.293 -0.296 0
0.662 -0.262 -0.649 -0.55 -0.186 -0.343 0.177 0.493 -2.259 -0.673 1
-1.652 -0.979 0.82 -0.22 0.364 -0.438 0.681 -0.494 -1.129 0.534 0
0.682 0.588 -1.333 1.074 1.698 1.672 -0.878 -0.027 -0.417 0.169 1
-0.029 0.358 -1.119 -1.555 0.103 -1.644 0.626 -2.683 -0.385 -1.113 0
-0.776 -1.136 -0.395 -0.863 -0.982 0.161 -0.224 1.649 1.141 0.348 0
-0.114 -0.392 1.263 0.068 1.013 -0.559 -1.122 1.027 -0.978 -0.367 0
-1.538 -0.387 -1.102 -0.773 1.211 -0.86 0.906 0.444 0.765 -0.413 0
1.058 -0.085 0.694 1.145 0.128 0.475 1.899 -2.517 -0.562 2.75 1
0.303 0.969 1.937 1.225 1.067 -0.359 0.467 0.178 0.892 -1.228 1
1.187 0.184 -0.465 1.049 0.456 -0.907 -1.45 0.14 0.706 -0.32 1
-0.792 -2.825 -1.464 -0.072 0.108 -0.309 -1.723 0.959 -1.075 -0.298 0
1.714 0.351 0.3 0.138 1.03 -0.109 -0.269 0.804 -0.963 0.919 1
-0.522 -0.531 -1.634 0.079 -0.657 1.347 0.612 0.626 2.029 -0.435 0
-2.412 0.591 -0.084 -0.683 -1.532 1.838 0.048 -0.586 -0.479 1.196 0
1.006 -0.441 0.925 -1.211 0.587 -1.37 -0.379 -1.135 -0.141 0.405 1
-0.853 0.577 1.209 -0.549 -0.406 -0.37 1.051 0.077 -0.157 0.522 0
0.313 0.767 -2.021 -0.459 -0.318 0.56 0.568 1.274 1.087 -0.794 0
-0.257 -2.46 1.028 1.212 -1.149 -0.175 0.068 0.883 1.434 0.815 0
0.417 0.476 -0.45 0.022 0.903 -0.537 0.769 -1.193 -1.485 -0.213 1
-1.284 0.255 0.038 1.282 0.853 -2.929 0.077 0.504 -2.033 0.305 0
-0.075 -0.589 -0.392 -0.331 0.363 -1.543 0.856 -0.308 -1.09 -1.028 0
-0.258 -1.252 -0.196 0.289 -0.987 -0.193 0.752 -0.728 0.126 0.04 0
-0.746 -1.052 -0.156 0.277 0.937 0.374 1.561 -0.299 2.034 -1.946 0
1.916 0.372 0.547 -0.189 1.765 1.473 -2.169 1.291 -0.58 -0.895 1
-0.299 0.252 0.97 0.281 -1.256 0.273 0.722 0.026 1.791 -0.646 0
-1.607 0.507 -0.151 0.162 0.716 0.448 -0.892 -1.549 1.099 0.411 0
1.078 1.088 -0.456 -1.001 0.564 0.024 -0.963 0.554 -0.809 -0.463 1
0.387 1.825 0.855 -0.217 0.938 0.548 0.281 -1.698 -0.512 -0.044 1
-0.005 -0.435 0.729 -0.098 0.28 -0.353 1.358 -0.596 0.436 0.475 0
1.797 1.171 1.349 1.011 -0.001 -1.107 1.518 -0.117 -0.174 -2.014 1
1.897 -0.831 0.736 -0.436 1.329 0.315 1.94 0.059 -0.114 -0.974 1
2.258 -0.219 0.292 -0.221 0.55 0.975 1.914 0.952 -0.743 1.721 0
0.309 -0.18 -2.184 -0.594 -0.681 -0.073 -1.32 0.805 -2.317 -1.653 1
-0.898 0.458 0.601 -0.716 -1.056 0.266 -1.693 0.611 -1.654 -0.408 0
1.589 -0.508 -0.425 1.48 0.816 -0.888 0.778 -0.149 -1.106 0.607 1
-1.701 0.165 -1.221 -0.068 1.843 -1.292 0.576 -0.21 0.063 -0.776 0
-1.413 0.878 -0.237 0.979 0.198 -0.548 -0.464 -0.09 0.099 -2.058 0
-0.329 0.73 0.447 -0.447 -0.983 -1.918 1.194 -0.257 1.623 1.138 0
-1.474 0.459 0.682 -0.055 -0.352 -1.233 0.14 -0.644 1.083 0.614 0
-1.424 -0.564 -1.603 1.321 -0.932 -0.649 1.207 0.393 0.367 -1.892 0
-0.114 2.482 0.074 -0.023 2.03 -1.59 -0.053 0.002 -1.174 -0.135 0
-1.131 1.578 1.105 0.702 -0.459 -1.164 -1.16 0.351 -1.198 -0.949 0
-0.379 -2.002 0.509 -0.174 -0.073 -0.783 2.139 -1.081 0.59 -1.314 0
-0.987 -0.124 -0.038 0.073 0.022 -0.606 0.941 -1.318 0.903 0.642 0
1.677 0.007 1.25 -1.783 0.581 0.502 0.73 0.383 1.154 1.586 0
1.218 -0.282 1.628 1.406 -0.966 -0.738 0.856 -1.661 0.806 0.336 1
0.63 2.122 -0.114 -0.144 -0.38 -1.82 1.924 -1.111 1.207 -0.991 1
-0.528 -0.339 -0.033 -0.576 0.866 -0.335 1.725 -0.973 -1.89 0.167 0
0.136 -0.789 0.64 0.099 -0.965 0.265 1.481 -0.849 -1.565 1.593 0
-0.53 -0.309 -0.051 0.325 1.034 -0.463 -0.314 -0.286 -0.361 -0.256 0
0.154 -0.948 0.316 1.029 0.127 -0.165 0.793 -1.242 1.818 -0.283 0
0.554 -0.041 -2.569 -0.422 1.093 -0.085 0.464 -0.058 -0.846 0.193 0
-1.193 0.394 1.025 0.859 0.774 -1.184 0.522 0.109 1.727 -1.146 0
-0.406 1.583 -0.344 -0.946 -0.403 -0.06 -0.578 -0.174 -0.491 -1.542 0
-0.931 -0.307 -1.344 1.855 -1.039 0.365 0.296 -0.384 0.566 -1.585 0
0.862 0.399 0.236 0.482 0.247 2.828 -0.03 2.324 0.893 -0.422 0
-1.041 1.604 -0.242 1.056 -1.039 2.005 0.515 0.78 -1.297 -0.491 0
0.754 -0.208 -0.515 0.724 -2.37 -0.489 1.062 0.359 -3.015 0.329 1
-1.301 -1.279 -0.681 -1.425 1.536 -1.45 0.621 -1.229 -1.37 -0.29 0
1.226 0.248 -1.89 1.334 -0.344 0.782 -0.702 1.572 -1.228 -0.638 1
0.723 0.793 -0.291 0.073 1.398 1.72 1.362 -0.804 -0.753 0.694 1
-0.426 0.31 0.254 0.427 -1.183 -1.143 -0.312 0.479 -1.155 -0.279 0
0.564 0.837 -0.121 2.156 -1.373 -0.702 0.213 0.657 -0.973 -1.28 1
-0.043 -1.025 0.182 0.314 -0.215 0.007 -1.08 0.962 0.678 -1.261 0
-0.017 1.492 -0.625 -0.737 0.235 0.478 -0.395 1.017 0.585 -1.896 0
-1.812 0.943 1.343 -0.513 -1.216 -0.62 -1.188 1.323 1.627 1.841 0
-1.075 0.435 -1.104 0.748 -0.021 -0.488 -1.593 -1.336 2.051 0.136 0
0.665 -1.436 1.508 -2.243 -0.194 0.309 0.205 2.876 -1.026 -0.779 0
1.649 -0.084 -1.194 -0.032 0.856 0.996 1.074 -0.672 0.662 -1.487 1
0.788 0.12 -0.875 -0.714 0.06 0.748 -0.515 -0.335 0.386 0.401 0
-0.012 1.016 0.809 -1.772 -0.024 -0.501 -0.329 0.118 -0.519 0.933 0
-0.937 0.2 -0.385 1.025 1.101 -0.65 0.742 -1.054 0.595 0.155 0
1.904 0.257 0.737 -0.3 -1.879 -0.12 -0.84 0.483 0.274 1.566 0
-0.794 1.429 0.464 -0.157 -2.838 -0.307 0.103 0.985 -0.273 0.071 0
-0.02 0.822 1.376 0.004 -0.304 1.324 -1.176 -0.201 -1.31 -1.142 0
-0.677 1.124 -0.418 -0.298 -0.327 0.482 2.161 -0.582 -2.099 1.252 0
-1.176 0.581 -1.584 0.288 -0.257 -0.303 0.54 0.753 -0.336 -0.913 0
0.152 -0.544 -0.283 -0.763 -1.192 -0.177 -0.15 0.597 -1.664 -0.315 0
-1.267 0.141 -0.939 2.042 0.309 1.856 0.426 -0.747 0.595 0.588 0
-0.696 -0.322 -1.462 0.617 -0.846 -1.166 0.566 0.068 0.693 0.77 0
-0.532 1.368 -1.728 -1.995 -0.13 -1.843 0.031 0.882 -1.227 -0.262 0
0.294 -0.485 -0.591 -0.694 -0.996 -0.448 -1.234 -0.292 -1.514 0.999 1
-0.918 0.644 -0.936 -0.965 0.98 -0.185 -0.063 -0.403 -1.234 -0.853 0
0.163 0.164 -0.283 0.237 0.411 -1.956 -0.547 0.314 -1.6 1.518 1
0.833 -1.047 0.12 -1.885 0.641 -0.708 -0.516 -0.395 0.617 3.495 0
0.552 0.413 0.058 -0.16 -0.955 -0.724 0.773 -0.238 -0.237 0.708 0
-0.885 0.838 0.467 -0.465 -0.719 -0.78 -0.268 -1.678 0.056 -1.23 0
1.794 -1.414 -0.468 0.52 -0.208 -1.286 0.161 0.652 0.398 0.905 0
2.298 0.248 0.283 1.184 -1.235 -0.468 -0.211 0.941 0.494 0.258 1
-0.777 0.22 -0.591 1.009 -1.572 -0.89 0.33 -0.335 0.773 -0.73 0
-0.624 -0.155 0.89 -0.303 -0.595 0.461 -0.304 -0.124 -0.496 -0.674 0
0.789 0.71 -0.897 -1.651 0.72 -0.026 -0.635 -0.678 -0.117 0.799 1
-0.275 0.349 -0.99 0.457 1.251 1.063 0.932 -1.222 -0.222 -1.192 0
-1.299 0.765 1.535 -0.075 -2.311 -0.194 0.011 -1.035 -0.467 0.335 0
-0.843 -0.453 -0.494 -2.116 0.306 -0.26 0.45 -0.119 -3.056 1.164 0
-0.195 -0.134 0.168 0.602 0.09 0.595 0.31 0.706 0.507 1.356 0
1.393 1.109 -1.442 -0.65 -1.19 -1.033 -0.409 1.801 -0.306 -0.524 0
-0.094 -0.892 0.23 -0.216 0.277 -1.854 -0.01 -0.993 -0.762 -0.343 0
-0.104 -0.624 1.404 -0.209 0.837 1.17 0.78 0.616 -1.833 0.156 0
-0.801 -0.819 -1.021 -0.108 -0.996 0.991 0.079 -0.307 0.863 -0.131 0
-0.363 -0.571 0.795 -0.323 0.63 -1.825 0.405 0.558 -0.573 -1.819 0
-0.122 -0.876 1.243 1.036 0.245 -0.011 -0.147 -0.396 1.585 -0.971 0
0.956 0.206 0.791 0.645 0.837 0.546 -0.508 -1.746 -0.461 0.83 1
1.56 -1.111 -0.444 0.623 -0.645 -0.928 0.019 1.014 2.092 1.108 0
-0.904 0.158 -0.038 -0.697 -0.457 -0.423 1.929 -1.031 0.407 -0.94 0
-0.201 -1.161 -0.019 -2.574 -0.56 0.33 0.168 1.267 -2.56 0.61 0
-0.504 0.846 0.247 0.902 -0.851 -1.707 -0.272 1.411 -2.238 0.946 0
0.275 -0.664 0.505 -0.961 -0.027 -0.254 0.388 1.101 0.028 -1.013 0
1.223 0.185 -0.194 1.038 1.028 -0.976 0.851 0.807 0.376 0.133 1
-2.34 -0.381 1.73 1.505 -0.462 -1.853 1.857 -0.385 0.48 -0.701 0
-1.769 -0.739 0.886 1.638 1.678 -1.114 -2.375 0.459 0.975 -0.734 0
0.929 1.033 0.015 0.535 -0.089 -0.253 -0.007 0.215 0.885 1.662 0
-0.53 1.448 -1.384 2.775 -1.034 -0.012 1.196 0.692 1.397 0.034 0
1.285 0.355 0.306 0.252 -0.538 0.765 1.068 -1.314 -0.403 0.135 1
-0.122 -1.627 0.239 1.217 0.448 -1.573 -0.316 0.205 1.021 0.864 0
0.295 -0.484 0.037 -0.184 -2.103 0.532 0.946 0.514 0.502 -0.589 0
0.372 1.232 0.455 -1.638 1.85 -0.073 2.097 0.029 0.041 -0.173 1
-1.449 -0.205 -0.086 2.304 1.412 0.979 0.386 -1.192 0.944 1.148 0
0.649 -0.176 0.966 -0.673 -2.356 -0.241 0.429 0.077 0.67 0.098 0
-0.978 -0.809 -1.426 0.166 0.243 -0.393 0.799 0.491 -0.544 0.202 0
1.602 -0.87 0.75 0.622 -0.604 1.487 1.027 -1.123 0.542 0.196 0
-1.103 -1.245 -1.338 -0.504 0.684 1.348 -1.021 -0.561 2.486 -0.038 0
0.982 -0.36 1.943 -1.266 1.307 3.115 0.646 0.554 -1.156 -0.791 1
-0.808 -1.185 0.963 -0.561 -0.418 -0.14 0.806 2.401 -0.681 0.756 0
-2.194 0.777 0.023 0.048 -0.08 -1.007 -0.86 -1.033 -0.303 -1.127 0
1.076 1.49 -1.045 0.158 -1.109 1.261 0.313 0.602 -0.125 1.133 0
0.412 1.35 1.64 -0.749 0.812 -0.347 1.748 -0.65 -0.599 1.545 1
-0.574 0.055 -0.24 0.664 1.032 -0.021 0.794 1.273 -0.967 -0.124 0
0.547 0.46 -0.293 1.443 1.005 -0.234 1.335 0.288 1.58 0.03 1
-0.953 -0.522 -0.638 -0.09 -0.082 -1.196 0.717 0.929 -0.898 0.024 0
1.497 0.417 -0.516 -0.246 -0.404 -0.281 -0.639 0.736 1.016 0.508 0
-1.103 -2.226 0.209 -1.658 -0.409 -0.272 -0.09 -0.498 0.287 -0.099 0
-0.896 0.237 0.897 1.497 -0.78 -0.027 0.176 2.017 -0.691 -0.589 0
-0.369 -0.081 -0.793 -0.378 -0.652 2.276 -0.819 -1.118 -0.784 -1.419 0
0.953 -1.089 0.2 -1.542 0.346 0.351 -0.727 2.4 -0.899 2.025 0
0.3 0.335 0.076 0.002 1.217 1.583 0.527 -0.221 -1.594 0.147 1
0.726 -0.454 -0.508 -0.764 -0.127 1.517 0.358 -0.546 -0.092 -1.971 0
1.144 -1.397 -0.576 0.404 -0.903 -0.033 0.451 -0.769 1.29 -0.884 0
-2.087 0.522 -1.005 -1.427 -0.637 1.707 0.8 -1.309 -1.019 -2.145 0
0.31 -1.174 -0.805 -1.937 0.148 -0.494 -0.409 0.888 -0.398 -0.079 0
1.106 0.577 -0.012 -1.289 0.181 2.139 -2.017 -1.282 -0.655 -0.803 1
0.75 -1.609 0.937 0.302 -0.521 -0.858 0.57 0.317 0.269 1.76 0
0.279 0.278 -1.291 1.25 0.15 1.073 0.637 -1.357 -0.152 -1.01 1
-3.297 0.421 -2.645 -0.374 0.338 0.417 -0.41 1.808 1.305 -0.089 0
-0.792 -1.284 -0.3 1.185 -1.242 -0.508 0.83 0.263 0.706 0.324 0
0.211 -1.179 -0.843 0.681 -1.335 -0.883 -1.288 -1.582 -0.691 0.578 1
-0.749 -0.84 0.147 0.343 0.441 1.339 -0.774 2.953 0.917 -0.911 0