8 256 1
-0.519 0.266 0.100 -0.593 -1.180 -0.052 1.461 -0.105 -0.384
-1.218 -0.431 0.878 -0.499 -1.467 -0.848 -0.535 -0.780 0.530
2.129 -0.417 -1.622 -0.239 -1.634 0.530 0.336 1.160 -0.374
0.189 -1.947 -0.931 1.029 -0.489 0.006 -0.359 1.429 0.780
-0.752 -0.175 0.345 -1.560 -0.932 -0.497 -0.516 1.568 -0.335
1.823 0.264 0.755 -0.007 -0.063 -1.215 -0.324 0.473 -1.705
0.259 2.037 -0.762 -1.471 -1.950 1.149 -1.218 0.168 1.021
0.639 -1.449 -0.691 1.312 -2.588 1.283 1.287 0.080 0.317
0.060 -0.408 0.804 -0.587 -0.624 -0.026 -0.780 0.330 0.494
-1.942 -0.590 -1.585 0.390 0.503 -0.096 -0.160 -1.077 -0.412
0.524 -0.103 1.031 0.847 -1.986 -0.423 -0.809 0.431 2.089
1.559 -1.041 0.252 1.964 -0.430 -0.059 0.593 0.324 -0.574
0.311 0.808 -0.442 0.461 -0.742 1.846 0.265 -0.769 0.544
1.839 -0.481 -0.134 -1.418 0.568 0.306 -0.981 1.420 0.149
-0.327 -0.142 -1.480 1.681 1.395 -0.179 -0.123 1.159 0.263
0.313 1.412 2.046 -2.310 -0.012 -1.608 -0.126 1.094 0.887
0.495 -1.091 0.873 -0.404 1.515 -1.079 -2.113 0.538 -0.850
0.097 0.299 0.930 -1.265 1.178 -1.493 -0.187 -1.437 -1.390
0.448 0.263 0.686 1.279 0.521 0.609 -0.425 -0.128 1.488
-1.626 -0.438 -0.684 0.959 -0.556 -1.848 0.970 1.332 -0.688
-0.860 -0.580 1.124 -0.200 0.716 1.652 -0.618 0.731 -0.459
-0.068 0.537 0.410 2.733 -0.835 1.783 -0.690 -3.573 -1.928
0.368 0.376 -0.252 0.843 0.777 -0.280 1.607 0.631 0.460
1.104 -1.265 0.232 -1.714 -0.067 0.301 -0.031 -0.877 0.349
2.170 0.303 0.378 1.185 -0.686 1.452 -0.905 -1.642 0.381
-0.302 0.215 -0.332 -0.628 0.040 -1.303 1.177 0.210 -0.869
0.860 0.074 0.722 -0.067 -0.568 0.133 -0.627 -0.061 -0.401
-0.959 0.023 -0.989 0.351 0.350 -1.629 -2.225 0.019 -0.332
-1.258 1.260 0.023 -1.404 0.455 -0.048 0.256 -0.342 -1.182
1.744 1.102 -0.913 -1.501 0.816 -0.801 -0.195 0.094 0.121
0.852 -0.251 0.558 0.007 -0.888 -0.765 -0.520 -0.852 -1.191
0.373 -1.329 1.995 0.871 -1.430 -0.534 0.073 -0.848 -1.445
1.020 0.597 -0.930 -1.790 -0.119 -1.883 0.279 -0.819 0.460
-0.237 -0.032 0.227 -0.881 -0.296 -0.051 -0.150 0.308 -0.863
0.255 -0.824 -0.705 1.524 0.756 -0.662 -1.175 -0.181 0.608
-1.008 -0.015 -0.763 -1.019 0.139 0.561 0.616 0.513 1.938
-0.363 0.863 0.073 0.679 -0.623 0.086 1.386 0.045 -2.073
-0.680 -0.077 -0.202 0.668 -0.025 0.607 0.295 -0.480 0.952
1.526 0.090 -0.527 1.537 -1.152 -0.181 -0.653 1.682 0.324
0.878 -0.292 1.159 0.159 -1.414 -2.367 -0.386 0.297 -0.932
-0.425 -0.158 0.275 -0.053 -1.395 0.462 -1.807 0.606 -0.068
-1.606 1.344 -1.109 -0.314 -0.102 0.143 -0.836 -0.812 -0.256
-0.723 -0.604 -1.524 1.037 0.365 -0.298 0.941 -0.245 0.035
0.765 -0.152 0.229 -1.222 0.305 1.320 1.546 0.998 -0.855
1.616 0.825 1.232 0.623 -0.968 -0.930 -0.482 1.382 -0.337
-1.214 -1.376 0.511 0.939 0.174 -1.632 -1.499 -0.148 -0.033
0.640 -0.288 0.555 0.370 -0.618 -0.406 0.428 0.664 -1.685
-0.119 1.457 -0.395 -1.164 -1.583 -0.681 -1.074 -0.198 1.407
-0.086 -0.112 0.732 0.316 -0.416 -0.936 -1.284 -0.876 -1.048
0.585 -1.006 -0.665 1.290 0.561 -0.690 -0.491 -0.031 -0.731
1.685 -0.845 0.509 -0.662 -0.743 1.423 0.487 -1.116 -0.341
0.935 0.130 0.456 0.255 1.075 0.110 0.315 -0.509 1.081
0.045 -0.422 0.240 -0.010 0.561 -0.004 2.043 0.090 0.688
0.759 0.227 1.696 0.761 -0.622 0.039 -2.590 0.918 0.344
-0.631 -0.279 0.631 1.188 0.320 0.218 0.641 0.825 -0.506
-0.890 0.958 -1.043 -0.134 -1.544 1.338 -0.838 0.160 -1.937
0.546 0.223 0.478 1.525 -0.677 -1.825 0.895 1.398 -1.036
-0.831 -0.115 0.949 -0.197 -0.836 0.658 0.118 0.506 1.622
0.151 -1.910 1.064 0.347 -0.969 0.348 -2.647 0.232 1.019
0.086 -0.964 0.072 -2.061 -1.541 -1.828 -0.282 1.223 -0.285
0.271 0.132 -0.344 0.922 -0.067 -0.507 1.679 0.221 0.042
0.843 -0.634 -0.891 0.415 0.379 1.992 -0.523 1.966 0.131
1.043 1.281 -1.175 0.317 1.047 1.305 -0.612 0.617 0.420
-0.117 -0.516 -3.189 -0.861 2.070 -2.712 0.065 1.116 -0.457
-1.143 -0.007 0.694 -1.250 -0.955 -0.174 -1.766 -0.281 -0.459
-0.039 1.415 -0.684 1.085 2.208 -0.052 2.330 1.499 -0.285
-0.973 -0.421 -0.501 0.368 -0.121 0.141 -0.470 0.971 -0.144
2.129 1.929 -1.385 1.413 0.399 -1.542 0.369 -0.357 -0.315
-0.153 0.224 1.565 -0.418 0.099 0.471 -0.268 -0.816 1.456
-0.547 -0.767 -0.251 -0.913 -0.749 -0.966 -1.546 -0.045 0.689
-0.733 0.638 -0.777 -0.294 -1.759 -0.044 0.322 0.592 -1.081
-0.503 -0.640 -1.804 -0.509 -0.521 -1.044 -0.647 0.093 -2.512
1.125 0.711 -0.637 0.103 -0.136 -0.684 0.790 0.689 1.108
-0.685 -1.069 0.209 0.849 -0.346 0.817 0.298 -0.355 1.620
-0.141 -1.523 -2.641 -1.099 0.907 -0.805 -0.004 -0.222 -0.528
0.649 0.652 0.390 1.410 -0.966 1.785 0.409 0.392 1.047
0.883 0.606 0.696 1.159 0.776 -0.002 -1.406 0.174 0.199
-3.256 -0.285 0.225 -0.550 0.622 0.028 -0.713 0.898 -1.408
-0.539 0.364 0.353 -1.152 0.716 0.706 -0.849 1.334 0.190
0.312 -0.543 -0.286 2.360 0.428 -0.600 -1.741 -0.113 -0.176
-0.860 0.609 -0.474 -0.810 -1.322 -1.055 -0.825 1.511 -0.319
0.804 -0.671 0.660 -1.148 -1.559 -0.546 -0.286 -0.261 -0.977
-0.946 -0.589 0.211 -0.509 -1.852 -1.953 -0.804 0.178 -1.518
-0.498 -0.183 1.646 0.387 -0.100 -1.487 1.040 0.686 0.127
0.089 0.661 -0.118 -0.591 -1.026 -0.462 -1.478 -0.376 0.097
0.111 1.033 -2.192 0.812 -0.953 -0.557 -0.349 0.654 -0.808
-0.342 -1.172 -0.430 0.075 1.901 -2.603 0.067 2.116 -0.069
2.305 0.106 0.744 -0.675 0.558 0.497 -2.169 -0.873 0.358
-1.136 -0.663 0.470 -0.249 -0.680 -0.500 -0.606 -2.207 1.621
1.363 -0.994 1.562 -1.305 0.774 0.315 0.541 -1.230 -0.372
0.996 -0.433 -0.587 0.100 0.295 -2.738 -0.129 -0.750 0.542
-0.230 -0.645 -0.628 0.188 -0.606 -1.385 0.094 -0.124 0.226
1.080 -1.209 2.987 -0.504 -0.640 0.130 0.443 1.124 0.435
0.072 -0.471 0.419 1.856 -1.091 1.475 -0.108 -0.154 1.088
1.540 -1.623 -0.221 1.821 0.275 1.498 1.083 1.063 0.330
0.841 -1.941 -0.465 -1.162 0.415 1.571 -0.209 -0.742 1.088
-1.020 0.380 -1.235 1.628 0.701 -0.632 1.788 0.269 -1.695
-0.177 -0.061 1.751 0.824 -1.307 1.827 2.030 -1.436 0.210
2.450 0.343 -0.002 0.558 -0.343 0.603 -0.061 -0.663 0.023
1.785 -0.443 -0.256 -0.053 -0.727 -0.087 0.115 -1.909 1.662
0.353 1.309 0.619 0.529 1.270 -0.158 -1.125 -0.991 1.206
1.003 1.191 0.028 0.879 0.215 -1.931 0.406 0.261 0.185
0.770 0.455 -0.292 -0.283 -0.831 0.379 0.377 2.112 -0.050
-0.431 -2.888 -0.537 1.135 0.411 -1.116 -0.943 1.205 -0.786
-0.723 1.370 -1.263 0.689 -0.113 -1.252 0.598 0.144 -1.016
1.473 -0.590 -0.317 0.724 1.493 0.877 -0.717 -0.328 0.452
0.566 0.302 -2.496 1.466 -1.013 0.325 0.698 1.216 -0.262
-0.463 -0.904 -0.019 -1.850 -1.455 -0.460 -0.828 0.461 -0.755
0.471 -0.590 -0.694 0.979 0.006 0.195 -2.549 0.697 0.589
2.290 -1.496 -0.153 1.557 -1.643 0.670 0.731 0.842 -0.544
0.610 0.319 0.466 0.366 0.181 0.178 0.113 3.482 0.561
0.529 0.420 -0.761 -1.136 -0.485 -1.277 -1.165 -1.146 -1.357
0.511 -2.449 1.036 -0.148 1.307 1.841 -1.531 2.011 -0.695
-0.977 0.258 0.071 1.294 -0.182 -1.304 0.579 -0.462 -0.026
-0.213 -0.416 -0.813 0.641 0.042 1.056 -0.667 1.065 -0.033
0.618 0.789 0.436 -1.577 0.483 1.707 -0.767 0.583 -0.323
-1.056 -0.989 0.917 -0.669 -0.482 -1.237 2.734 -1.549 -0.373
-0.994 0.031 0.033 1.487 -0.139 -0.398 0.266 0.949 0.829
0.821 1.000 0.092 -0.628 1.988 2.007 -0.033 -0.979 -0.879
-0.505 -0.275 1.760 0.606 -0.136 -0.637 -1.837 -0.032 1.869
-0.227 0.485 0.234 2.034 -0.595 0.973 -0.903 -1.019 -1.082
-0.746 0.120 1.485 -0.609 0.908 0.626 0.092 -0.533 -0.763
-0.526 0.631 0.359 0.857 -1.462 0.227 -0.695 0.525 -0.795
0.807 0.002 -0.495 -0.029 0.309 -2.578 1.283 0.323 1.506
-0.238 -0.121 -0.239 0.407 2.473 -1.067 0.120 -0.284 -0.537
-0.403 2.495 -1.305 -0.436 -0.820 -0.279 -0.007 -0.829 -1.420
-1.536 0.671 0.631 1.031 2.008 2.968 1.807 -0.892 0.779
-0.677 -0.731 0.519 -1.544 -0.939 0.458 2.014 -0.418 0.141
-1.112 -0.579 -1.184 -1.690 -0.439 -0.104 0.438 0.798 -1.090
1.387 0.835 -0.355 -1.181 0.670 0.187 -1.396 0.565 -0.196
0.823 0.381 0.249 0.444 -1.292 -0.109 0.923 -0.478 -0.179
-0.168 0.059 0.695 -0.425 1.153 0.481 2.083 1.525 1.769
0.472 -1.363 -0.195 -2.349 -0.145 0.493 -0.854 0.887 -1.726
-1.185 -0.921 0.518 1.269 0.530 -1.119 -0.801 -0.653 0.376
1.003 -0.745 2.465 0.216 -0.332 0.192 -1.117 -0.378 1.224
0.451 0.231 -0.114 0.270 -0.725 -1.343 -0.480 -0.938 0.397
0.602 0.852 3.436 1.456 0.604 0.792 -2.302 -0.549 0.305
0.523 0.564 -0.394 0.291 -0.766 -0.244 -0.090 -0.846 -0.391
0.073 1.289 0.277 0.857 -0.027 0.275 -0.813 0.920 1.057
0.032 -1.871 -0.276 1.629 0.735 -1.659 1.379 0.273 1.884
2.846 0.619 0.027 -0.261 -0.810 0.970 -1.631 1.274 0.046
-0.532 -1.133 -0.601 -2.803 0.333 -0.558 0.983 1.373 -1.334
-2.085 0.070 -2.406 0.538 -2.090 0.938 1.302 -0.462 0.190
1.130 0.321 0.312 0.180 0.434 2.070 1.154 1.135 0.016
-1.895 0.411 -0.419 1.363 0.289 0.537 -0.017 2.028 0.329
1.643 -2.014 -0.850 -0.576 -0.793 -0.506 -0.104 0.368 -0.540
0.515 0.321 0.304 -0.755 0.301 2.016 -0.302 0.627 -0.043
-0.207 0.034 0.788 0.392 -2.187 -0.109 0.061 1.709 -0.477
-1.814 0.466 0.125 1.227 0.742 -1.073 -0.399 -0.384 -0.618
0.891 0.219 1.635 -1.100 -0.372 -0.589 -0.867 1.287 -0.646
-0.688 0.585 0.526 -0.116 0.486 -0.061 -1.311 0.422 -0.250
0.461 0.141 1.064 0.507 0.897 2.417 -0.289 0.217 -2.180
-0.068 -0.465 -0.133 0.051 -1.041 0.726 -1.041 -0.973 1.801
-0.676 0.176 0.218 -1.035 -0.223 0.044 -0.478 0.911 -2.215
1.213 1.015 0.779 -0.879 1.699 -0.080 -1.020 0.104 -1.112
0.088 -0.205 -1.022 -1.003 -0.154 0.912 -0.191 -2.091 0.025
-2.071 1.399 -0.821 0.573 0.683 0.407 0.620 -1.548 0.625
-0.797 0.235 -0.660 -1.117 -0.964 -0.545 1.215 -0.280 -1.439
0.707 -0.594 -1.567 0.331 -2.489 0.943 -0.912 1.666 -0.347
0.603 -1.118 -1.954 -0.485 1.011 -1.763 1.618 0.431 -0.590
-1.721 -1.086 0.469 2.027 1.485 -1.212 0.691 -0.486 -0.797
0.969 0.362 -1.374 1.261 -1.385 1.131 0.886 2.032 -0.115
-1.453 -0.420 1.027 -1.850 -1.032 -0.171 -1.224 -0.331 -0.265
0.121 -1.412 -0.014 -1.599 -0.985 -0.857 -0.049 0.511 0.883
-0.138 0.131 1.495 -1.255 -0.051 -0.079 -0.377 -0.247 0.827
1.144 -0.345 0.510 0.205 0.567 0.287 1.146 -1.184 0.424
0.489 1.384 0.146 -0.358 0.235 -0.564 0.537 0.775 1.086
0.594 1.418 0.424 -2.780 2.903 -0.848 -0.573 0.525 1.176
0.918 0.366 0.776 0.507 0.838 -0.369 -0.457 -0.473 -0.365
-0.216 -0.339 1.185 -0.318 1.533 -1.167 0.365 0.605 -0.705
0.485 0.946 1.071 1.484 1.199 1.130 -1.536 -2.778 0.434
-1.740 1.506 -0.985 1.488 0.072 -0.292 -1.495 -0.930 -0.351
-1.990 0.671 0.110 0.754 0.536 -1.561 0.295 -0.998 1.625
-2.400 1.406 1.036 0.728 -1.161 -1.428 0.115 0.108 0.356
1.055 0.245 1.153 -1.705 1.093 0.089 0.916 0.363 -0.475
0.730 2.000 1.711 0.804 -0.008 -0.878 -1.120 0.353 0.044
-1.088 -1.404 -0.072 -2.308 0.275 -1.471 0.103 -0.330 -0.167
0.168 1.177 0.454 0.934 1.093 0.712 -0.681 -1.180 0.809
-0.594 1.348 0.582 0.383 1.867 -0.454 -1.488 -0.874 -0.162
-0.156 1.639 1.214 0.405 -0.010 0.981 1.239 0.977 -1.460
-0.413 0.911 0.641 -0.036 -0.279 -0.449 -0.571 0.272 0.316
-0.553 -1.404 -0.356 0.567 -0.188 -0.694 -0.619 0.265 -0.352
-1.131 1.253 -0.097 0.142 -0.975 -1.251 -0.929 0.594 0.639
-2.413 0.980 -0.975 2.378 0.785 -1.024 -0.977 -0.191 -0.081
-1.557 0.572 0.558 0.554 -0.720 0.460 2.345 0.552 -0.419
-1.913 1.280 1.366 -0.158 -0.115 -0.317 -0.087 1.040 1.681
1.557 0.457 -1.080 0.237 -1.943 -0.034 0.697 2.210 0.885
-1.531 0.025 -0.161 -1.492 0.354 -0.615 -2.617 0.793 0.334
0.713 -1.075 -1.118 0.364 0.341 -2.160 0.171 0.252 0.685
-0.223 -3.033 -1.024 0.649 2.629 0.030 0.092 -1.586 0.578
0.869 -0.422 1.074 0.647 -0.137 0.517 2.583 -0.834 -0.488
1.327 -0.985 0.195 0.151 0.114 -1.673 -0.688 -0.400 0.767
1.355 -0.901 0.546 -0.416 -0.364 -0.179 0.423 -0.954 0.761
-1.524 -0.670 -0.194 -0.930 -1.941 1.769 -1.035 0.216 -0.973
-0.005 0.379 -1.652 -0.517 1.285 1.085 -1.169 0.059 0.101
-1.213 1.070 -0.879 1.117 0.391 -0.129 0.604 0.861 0.422
1.225 -0.088 0.811 0.310 -0.755 -1.396 -0.678 -0.401 0.541
0.912 0.072 -0.062 0.977 -0.985 -0.773 0.216 -0.180 -0.226
-1.415 1.446 -0.379 0.950 -0.292 -1.409 1.297 -0.608 0.040
-1.468 -0.288 -0.646 -1.037 -0.103 0.477 0.611 0.587 0.022
0.597 0.072 -0.123 0.067 -0.090 1.747 -0.679 -1.029 -0.779
-0.647 0.708 -0.634 -1.782 0.093 0.624 0.661 0.877 1.070
-0.863 1.406 0.784 -1.581 -0.344 0.412 0.019 2.128 0.213
-0.378 -0.002 -0.023 1.506 -1.407 -1.596 0.932 2.000 -0.327
-1.244 0.887 -0.930 -1.050 -0.779 1.103 -0.689 -1.415 1.392
-0.273 0.547 -0.419 -1.528 -2.458 0.146 1.069 1.188 0.456
-1.158 0.258 1.279 -1.931 -0.804 1.669 0.753 0.879 0.350
2.081 1.667 0.656 0.125 -0.068 0.192 0.833 -1.659 -0.015
-2.155 0.424 -0.976 1.247 -0.019 -0.546 0.775 -2.448 -2.838
-0.528 0.049 -0.576 0.378 0.187 -0.299 0.552 -0.398 0.038
-0.044 -1.746 0.487 -0.013 -0.058 -0.558 0.636 -0.583 0.608
0.390 -0.895 -0.383 1.697 1.352 -0.134 -0.049 0.518 1.004
-0.383 0.359 1.610 0.738 0.056 -0.275 -0.366 -0.561 1.369
1.822 -0.747 -1.054 -1.141 -0.334 -1.042 -0.607 0.336 0.384
0.715 0.223 0.086 -1.311 -0.754 -1.206 -0.642 -1.226 -0.400
-0.507 0.236 0.294 -0.946 1.219 1.397 -2.807 0.545 -0.120
-0.629 1.520 0.359 -1.600 0.418 -1.435 0.274 -0.282 -0.707
-0.590 -0.995 0.718 1.288 -0.936 0.776 1.812 0.376 0.248
-0.916 0.235 -0.193 -1.249 2.390 0.229 -0.524 -3.053 1.504
0.657 -1.080 1.066 0.209 0.180 0.507 -0.007 0.422 0.323
0.779 -1.077 0.737 0.060 0.452 -0.224 0.372 -0.603 1.062
0.280 -0.369 1.934 1.075 1.325 0.216 -1.419 0.967 0.875
-0.924 -1.023 -1.555 0.258 -1.549 1.253 1.492 -1.389 0.397
-0.861 -1.458 1.081 0.260 0.654 0.668 0.034 0.414 0.179
-0.092 -0.532 0.967 -0.859 0.592 1.169 -1.230 -1.579 0.484
-1.566 0.282 -1.599 0.503 0.262 0.184 1.252 -0.157 0.862
0.075 -0.281 -0.883 0.808 -0.244 0.304 0.107 1.233 0.512
0.353 0.470 -1.150 1.113 -1.782 0.781 -0.947 1.698 0.666
0.473 0.770 1.154 -0.797 -0.719 -1.725 -1.512 -0.131 -2.243
-1.092 0.027 -1.340 -0.625 -0.703 0.865 -1.557 0.498 -0.343
-0.435 0.743 0.740 1.084 -0.299 -0.057 -1.001 -0.629 1.264
-0.840 0.762 2.169 1.149 0.967 -0.901 1.317 -1.110 -0.394
0.204 -0.139 -0.331 0.147 0.795 -1.341 -0.801 -2.361 0.013
-1.534 0.696 1.035 -0.505 0.194 1.083 -0.540 -0.147 -0.448
-0.737 -0.687 0.642 -1.805 0.364 0.754 0.774 0.955 -0.218
0.721 -0.988 -0.006 1.375 0.614 -0.921 1.264 0.627 1.350
-1.591 0.784 -3.114 0.015 0.287 -0.978 -0.688 -0.481 -1.130
-0.451 0.455 0.803 1.164 -0.777 -1.733 0.308 0.852 -1.682
-0.591 -0.365 0.326 -1.821 -0.242 0.257 0.314 -1.119 -0.581
-1.581 -0.135 2.303 0.803 0.142 0.305 -0.611 -0.347 0.992
1.596 -1.004 -1.228 0.392 -0.607 -0.449 0.574 0.656 -1.545
-0.704 0.510 -0.347 -0.227 0.552 1.101 -1.467 0.502 0.729
-0.451 -0.990 -0.678 0.177 -1.376 0.588 0.175 -0.466 -0.677
-0.269 0.429 1.242 0.272 2.119 0.052 -1.217 -0.762 0.173
-0.992 2.189 1.479 0.339 0.346 -0.541 -0.088 -0.010 2.754
2.648 -0.970 -0.809 1.279 -0.149 1.906 0.268 -0.005 -1.397
-0.081 -0.970 -1.140 -1.057 0.501 0.866 -0.995 -0.282 0.069
1.992 -0.034 -0.196 1.808 -0.284 -0.381 0.508 -0.005 0.367
1.767 0.172 0.187 -0.583 -0.913 0.454 -1.561 -0.920 -0.416
-0.387 -0.355 0.380 -1.213 1.751 -1.896 0.568 -0.312 -1.565
0.552 0.072 -0.725 -0.988 -1.059 -0.032 1.142 1.457 0.058
0.571 0.011 -1.889 -0.711 0.767 -0.459 0.034 0.310 -0.590
1.154 -0.310 -0.180 0.380 -0.341 -0.071 0.031 1.197 0.172
0.358 1.612 -0.294 -0.369 -0.422 1.137 0.429 1.475 0.082
0.236 -0.833 0.101 -1.474 1.046 0.500 0.106 0.755 0.092
1.147 0.366 -0.296 0.228 -1.231 0.824 -0.889 0.050 0.447
-2.013 0.697 -0.689 -0.900 -0.682 0.174 0.584 0.575 1.274 0.326 -2.060 -1.260 0.337 0.330 -1.163 -1.606 0.027 0.094 0.396 0.740 0.822 -0.326 -0.579 0.586 0.463 -0.843 -0.429 -1.193 0.132 1.164 0.179 0.936 0.207 -1.238 -0.705 0.196 0.349 0.569 2.316 1.294 0.210 -0.185 0.696 -1.265 -0.865 1.242 -0.855 1.441 -0.338 0.840 2.305 0.707 0.759 -1.928 -0.568 0.291 -0.608 1.259 -0.543 0.984 -0.938 -0.421 -1.221 -0.859 -0.974 2.111 0.615 -0.469 -1.487 -1.796 0.614 0.120 -0.488 0.497 -0.206 -1.763 -0.453 0.728 -0.328 0.029 -0.648 0.292 -0.016 2.121 0.656 1.940 1.536 0.402 -1.288 -1.576 -0.078 -0.889 -0.185 0.710 -0.519 -1.318 1.659 0.797 -0.826 -1.330 -0.617 1.268 -0.420 0.294 -1.076 -0.518 -0.127 2.025 -1.210 0.948 1.911 0.400 -1.670 -0.147 -0.173 -0.230 0.150 0.822 -1.829 -1.595 0.875 -0.005 0.115 -0.568 1.903 0.250 0.359 0.113 -0.258 -0.156 0.155 -0.217 -0.089 1.007 1.019 -0.273 1.367 -1.507 -0.130 0.800 0.343 -0.588 0.262 0.661 -1.820 -0.062 0.085 1.108 1.460 1.250 -1.928 -0.431 -0.766 0.988 -0.178 0.085 -0.745 -0.984 -0.577 0.848 0.094 -0.655 0.077 -0.021 0.899 0.280 -1.041 -0.316 -0.839 1.179 -1.038 -0.259 -0.592 0.256 -0.990 0.379 1.548 -0.604 -1.921 1.755 0.258 -0.388 0.508 0.988 0.117 -0.469 1.200 1.450 0.231 -0.728 1.553 -0.418 -0.344 -0.642 -0.554 -1.215 0.293 0.190 -0.654 -0.577 1.265 0.289 -1.079 -1.011 1.297 0.042 -1.012 1.426 0.634 0.281 -1.525 1.061 0.678 0.502 -1.144 -0.861 -1.011 0.733 -0.993 -0.617 -0.484 -1.656 -2.409 0.201 0.515 1.145 -1.051 0.765 -0.854 -0.833 -0.933 -1.321 0.007 1.596 0.294 0.604 1.082 -0.005 1.577 -1.301 -1.773 -0.263 0.042 1.693 -0.427 0.007 -0.277 -0.592 0.617 0.395 -0.504 1.055 1.236 1.103 -0.706 1.081 -0.152
