8 256 1
0.313 0.179 -0.244 -0.896 -1.216 0.025 1.210 -0.335 -0.632
-0.917 -0.533 0.354 -0.874 -1.609 -1.260 -0.849 -0.803 0.227
1.935 -0.503 -1.474 -0.062 -1.680 0.642 0.434 1.430 -0.358
0.487 -1.760 -1.285 0.649 -0.791 -0.054 -0.726 1.563 0.467
-0.353 -0.296 0.144 -1.743 -1.012 -0.505 -0.700 1.506 -0.492
1.886 0.367 0.789 -0.240 -0.126 -1.294 -0.329 0.456 -1.707
0.557 2.055 -0.902 -1.709 -1.961 1.244 -1.182 0.031 0.632
1.299 -1.650 -0.825 1.285 -2.452 1.467 1.382 -0.109 0.314
0.503 -0.544 0.601 -0.810 -0.657 -0.015 -0.938 0.229 0.314
-1.346 -0.887 -2.725 -0.107 0.766 -0.434 -0.681 -2.078 -1.538
1.856 0.445 -0.056 -0.379 -2.379 -1.266 -2.409 1.262 2.897
1.949 -1.156 0.080 1.860 -0.449 -0.075 0.424 0.168 -0.477
0.945 0.637 -0.791 0.233 -0.825 1.762 0.086 -0.922 0.287
1.857 -0.457 -0.107 -1.333 0.280 0.355 -1.072 1.642 0.348
-1.039 -0.999 -1.727 2.392 1.778 -0.120 -0.261 1.568 0.855
0.746 1.303 1.896 -2.326 -0.110 -1.572 -0.401 1.093 1.088
0.633 -1.136 0.800 -0.482 1.522 -1.062 -2.195 0.548 -0.898
0.401 0.310 0.889 -1.572 1.009 -1.487 -0.292 -1.343 -1.548
1.403 0.128 0.156 0.756 0.299 0.431 -0.808 -0.329 1.167
-0.842 -0.623 -1.086 0.602 -0.645 -1.841 0.647 1.198 -1.007
-0.099 -0.769 0.599 -0.580 0.548 1.578 -1.027 0.585 -0.773
0.140 0.278 -0.066 2.330 -0.659 1.721 -0.836 -3.716 -2.913
1.244 0.052 -0.619 0.357 0.632 -0.238 1.253 0.388 0.066
1.157 -1.362 0.340 -1.825 -0.087 0.377 -0.004 -0.875 0.274
2.366 0.230 0.046 0.897 -0.818 1.185 -1.098 -1.646 0.122
0.045 -0.010 -0.630 -0.791 -0.044 -1.327 0.886 0.087 -1.007
1.142 -0.088 0.298 -0.140 -0.741 0.078 -0.993 0.092 -0.573
-0.767 0.147 -1.152 0.195 0.361 -1.889 -2.427 -0.168 -0.054
-0.193 1.665 -0.340 -2.165 0.333 -0.068 0.028 -0.448 -1.740
1.764 1.121 -0.915 -1.531 0.810 -0.780 -0.183 0.116 0.063
1.050 -0.247 0.612 -0.319 -1.118 -0.936 -0.531 -0.902 -1.204
0.851 -1.478 1.797 0.618 -1.521 -0.564 -0.203 -1.043 -1.473
0.884 0.903 -0.999 -1.689 0.614 -2.365 -0.271 -0.974 2.514
-0.006 -0.292 -0.068 -0.871 -0.408 -0.022 -0.377 0.337 -1.060
0.635 -0.940 -0.949 1.296 0.658 -0.698 -1.384 -0.257 0.452
-0.361 -0.156 -1.080 -1.361 -0.012 0.426 0.307 0.372 1.845
-0.205 0.427 0.245 0.714 -0.510 0.544 1.468 0.017 -2.299
-0.426 0.179 -0.062 0.071 0.074 0.429 0.433 -0.612 0.965
1.802 0.119 -0.616 1.780 -0.919 -0.112 -0.480 1.428 0.315
1.132 -0.383 1.042 -0.065 -1.516 -2.421 -0.466 0.142 -1.113
0.007 -0.221 -0.052 -0.289 -1.634 0.417 -2.139 0.804 -0.201
-1.012 1.192 -1.341 -0.625 -0.178 0.152 -1.025 -0.921 -0.474
-0.126 -0.877 -2.268 0.455 0.187 -0.565 0.405 -0.590 -0.624
1.252 -0.692 -0.273 -1.163 -0.029 1.380 1.324 0.910 -1.594
1.844 1.041 1.403 0.603 -0.945 -0.811 -0.376 1.469 -0.244
-1.135 -1.399 0.058 0.916 -0.149 -2.011 -1.942 -0.250 0.148
1.070 -0.068 0.610 0.058 -0.593 -0.582 0.448 0.428 -1.463
0.769 1.383 -0.958 -1.640 -1.316 -1.414 -2.318 0.087 3.152
0.332 -0.233 0.685 0.036 -0.531 -0.926 -1.381 -0.933 -1.193
1.398 -1.535 -0.706 1.386 0.513 -0.545 -0.852 -0.073 -0.064
1.807 -0.847 0.620 -0.762 -0.794 1.363 0.441 -1.281 -0.043
1.671 -0.064 0.201 0.092 1.029 0.213 0.206 -0.642 0.846
-0.092 -0.591 0.122 0.403 0.449 -0.040 1.836 0.148 0.929
1.461 0.274 1.180 0.230 -1.123 -0.225 -3.259 1.161 0.324
0.159 -0.563 0.210 0.809 0.139 0.331 0.380 0.713 -1.080
-0.664 0.055 -1.178 0.260 -1.697 1.867 -0.927 0.365 -2.805
1.165 0.119 0.156 1.174 -0.767 -2.088 0.840 1.374 -1.207
-0.207 -0.364 0.494 -0.506 -0.933 0.615 -0.220 0.314 1.270
0.423 -2.814 1.235 0.485 -0.795 0.447 -2.799 -0.277 1.067
0.174 -0.817 -0.006 -1.763 -1.555 -1.735 -0.547 1.381 0.123
0.906 -0.042 -0.826 0.591 -0.250 -0.633 1.284 0.106 -0.249
1.392 -1.108 -1.343 0.124 -0.673 2.020 -0.629 2.157 -1.177
1.202 1.044 -1.403 0.097 0.783 1.067 -0.851 0.563 0.243
-0.359 -0.626 -3.300 -0.635 2.165 -3.285 0.180 0.730 -0.270
-0.122 0.098 0.617 -2.425 -1.064 -0.310 -1.808 -0.586 -1.328
0.366 1.041 -0.843 0.896 2.109 -0.018 2.299 1.328 -0.651
-0.352 -0.604 -1.025 -0.014 -0.348 -0.025 -0.921 0.888 -0.507
2.089 1.625 -1.461 1.187 0.455 -2.126 -0.178 -0.622 0.197
0.020 -0.368 1.304 -0.192 0.057 0.680 -0.497 -0.872 1.048
-0.271 -0.862 -0.353 -1.087 -0.754 -0.941 -1.612 -0.080 0.536
-0.382 0.468 -0.981 -0.458 -1.811 -0.032 0.122 0.555 -1.242
-0.658 -0.767 -1.819 -0.127 -0.388 -0.931 -0.524 0.089 -2.639
1.537 0.612 -0.773 -0.036 -0.168 -0.594 0.736 0.589 0.869
-0.040 -1.464 -0.234 0.705 -0.455 0.799 -0.098 -0.514 1.435
-0.423 -1.390 -2.825 -0.821 1.135 -0.964 0.150 -0.569 -0.749
1.299 0.496 -0.111 1.152 -1.074 1.711 0.031 0.147 0.824
1.561 0.471 0.420 1.014 0.811 0.167 -1.565 0.027 0.034
-2.565 -0.390 -0.286 -1.170 0.478 -0.277 -1.226 0.847 -1.659
0.062 0.214 -0.005 -1.455 0.627 0.672 -1.121 1.240 -0.076
0.421 -0.584 -0.543 1.943 0.191 -0.849 -2.000 -0.108 -0.351
-0.472 0.452 -0.660 -0.992 -1.380 -1.046 -1.024 1.445 -0.432
0.861 -0.644 0.635 -1.256 -1.614 -0.624 -0.305 -0.316 -1.023
-0.546 -0.247 0.576 -2.348 -2.752 -2.872 -0.655 -0.453 -2.397
0.210 -0.283 1.298 0.071 -0.183 -1.430 0.704 0.595 0.002
0.578 0.642 -0.158 -1.309 -1.138 -0.400 -1.308 -0.450 -0.720
0.547 1.520 -2.421 0.403 -0.936 -0.428 -0.279 0.555 -1.068
0.224 -1.402 -0.745 -0.184 1.811 -2.705 -0.125 2.001 -0.369
2.272 0.222 0.613 -0.694 0.445 0.214 -2.266 -0.862 0.551
-0.081 0.174 -1.055 -1.405 -0.036 -1.339 -1.809 -2.604 2.437
1.594 -1.062 1.503 -1.451 0.697 0.314 0.407 -1.248 -0.369
0.955 0.355 -0.844 -0.363 0.928 -3.445 -0.678 -0.793 1.999
0.057 -0.621 -0.914 -0.030 -0.635 -1.527 -0.220 -0.208 0.234
1.978 -1.599 2.871 -0.754 -0.923 0.460 0.305 1.489 0.349
0.434 -0.930 0.094 2.033 -1.106 1.412 -0.398 -0.494 1.247
2.254 -1.822 -1.009 1.098 -0.418 1.369 0.678 1.237 -1.150
1.326 -2.842 -0.420 -0.737 0.779 1.846 -0.347 -0.910 1.412
-1.079 -0.199 -1.010 1.814 0.801 -0.246 2.201 -0.097 -2.395
0.190 -0.154 1.476 0.740 -1.536 1.601 1.794 -1.638 0.332
2.600 0.200 -0.266 0.341 -0.417 0.448 -0.258 -0.674 -0.211
1.822 -0.010 -0.481 -0.485 -0.572 -0.506 -0.209 -1.947 2.103
0.429 1.816 0.680 0.287 1.426 -0.757 -1.275 -1.207 2.550
1.479 0.977 -0.382 0.555 0.112 -2.166 -0.012 0.110 0.118
1.113 0.402 -0.435 -0.456 -0.856 0.365 0.278 2.052 -0.175
-0.008 -2.693 -0.961 0.779 0.088 -0.724 -1.134 1.328 -1.731
-0.354 1.233 -1.619 0.517 -0.180 -1.262 0.230 -0.019 -1.154
1.644 -0.744 -0.434 0.723 1.489 0.930 -0.821 -0.311 0.434
1.395 0.804 -3.023 1.357 -0.851 0.256 0.755 0.729 -0.103
-0.591 -0.783 0.019 -1.496 -1.524 -0.259 -0.949 0.751 -0.566
0.786 -0.956 -0.825 1.047 0.227 0.393 -2.597 0.539 0.493
2.621 -1.694 -0.154 1.876 -1.626 0.220 0.611 -0.083 0.446
1.327 0.081 0.429 0.041 -0.350 0.335 -0.181 3.622 0.444
0.589 0.371 -0.943 -0.780 -0.212 -1.198 -1.252 -1.332 -1.179
0.970 -2.547 0.654 -0.379 1.132 1.734 -1.691 1.934 -1.063
-0.204 0.010 -0.447 0.915 -0.412 -1.403 0.156 -0.592 -0.378
0.248 -0.563 -1.187 0.310 -0.213 0.912 -0.959 1.031 -0.389
0.802 0.942 0.388 -1.779 0.645 1.751 -0.785 0.652 -0.489
-0.802 -1.091 0.736 -0.583 0.048 -0.887 2.830 -1.727 -0.675
-0.717 -0.414 -0.532 2.135 0.059 -0.276 0.040 0.712 0.820
1.078 0.146 -0.456 -0.610 1.684 1.884 0.000 -1.200 -2.230
0.312 0.940 1.503 -0.144 -0.614 -1.214 -2.969 0.297 3.130
0.366 0.317 -0.166 1.680 -0.728 0.899 -1.238 -1.125 -1.355
0.022 -0.079 1.030 -0.883 0.821 0.664 -0.150 -0.641 -1.167
0.102 0.290 -0.191 0.493 -1.682 0.154 -1.151 0.539 -1.230
0.658 1.022 0.010 -0.862 1.274 -3.492 1.103 0.488 4.525
0.318 -0.253 -0.487 0.164 2.411 -1.106 -0.092 -0.374 -0.728
-0.160 2.961 -1.414 -0.997 -1.082 -0.357 0.004 -0.796 -1.775
-1.439 0.643 0.572 0.988 1.996 2.964 1.763 -0.909 0.738
-0.085 -0.951 0.107 -1.958 -1.075 0.365 1.686 -0.518 -0.188
-0.961 -0.732 -1.262 -1.642 -0.461 -0.004 0.367 0.773 -1.217
1.410 0.851 -0.367 -1.212 0.683 0.198 -1.389 0.568 -0.247
1.192 0.242 -0.030 0.239 -1.380 -0.157 0.692 -0.556 -0.353
0.277 -0.055 0.413 -0.661 1.062 0.436 1.858 1.444 1.597
0.250 -1.225 0.092 -2.876 -0.135 0.137 -0.692 0.861 -1.800
-0.511 -0.781 0.197 0.734 0.508 -1.200 -1.008 -0.899 0.181
1.572 -0.963 2.068 -0.072 -0.457 0.137 -1.428 -0.499 0.964
0.964 -0.012 -0.116 0.075 -0.858 -1.112 -0.379 -0.971 -0.068
1.558 0.442 2.812 1.556 0.894 1.022 -2.796 -1.128 -0.115
0.718 0.457 -0.575 0.170 -0.770 -0.297 -0.264 -0.902 -0.471
0.732 1.297 0.177 0.572 -0.301 0.090 -1.282 0.919 1.280
0.665 -2.068 -0.675 1.329 0.567 -1.702 1.046 0.130 1.706
2.656 0.653 0.249 -0.118 -0.903 1.008 -1.626 1.569 0.232
-0.276 -0.979 -0.610 -3.480 0.308 -0.818 0.842 1.406 -1.614
-1.359 -0.165 -2.779 0.163 -2.177 0.945 1.009 -0.611 -0.146
1.509 0.267 -0.401 -0.125 0.084 1.559 0.521 0.862 -0.015
-1.548 0.329 -0.667 1.236 0.265 0.512 -0.204 1.956 0.202
1.652 -2.016 -0.851 -0.584 -0.794 -0.510 -0.109 0.360 -0.541
1.145 0.456 0.320 -0.939 0.816 2.594 -0.082 1.082 -0.565
0.083 -0.165 1.277 0.602 -2.464 0.850 0.164 2.604 -0.550
-1.399 0.356 -0.063 0.954 0.866 -1.087 -0.464 -0.820 -0.814
1.499 -0.002 1.169 -0.913 -1.074 -0.508 -1.705 1.942 -0.103
-0.147 0.364 0.053 -0.425 0.310 -0.220 -1.683 0.326 -0.510
0.883 -0.491 0.597 0.627 0.221 2.487 -0.369 -0.119 -3.829
0.451 -0.649 -0.231 -0.095 -1.105 0.697 -1.119 -1.189 1.636
-0.461 -0.149 0.067 -0.928 -0.308 0.184 -0.549 0.912 -2.456
1.324 1.081 0.746 -1.012 1.704 -0.065 -1.064 0.155 -1.180
0.084 -0.214 -1.291 -0.998 -0.011 0.713 -0.273 -2.270 -0.056
-1.892 1.361 -0.957 0.714 0.522 0.602 0.493 -1.273 0.626
-0.693 -0.144 -0.813 -1.107 -0.942 -0.448 1.044 -0.331 -1.588
0.996 -0.608 -1.746 0.128 -2.492 0.859 -1.013 1.449 -0.450
0.691 -1.148 -2.026 -0.524 0.990 -1.817 1.571 0.392 -0.647
-1.376 -1.429 0.276 2.077 1.420 -1.364 0.351 -0.372 -0.614
1.397 0.236 -1.631 1.004 -1.522 1.071 0.652 1.967 -0.351
-1.108 -0.504 0.753 -2.113 -1.104 -0.250 -1.389 -0.342 -0.448
0.338 -1.718 -0.029 -1.922 -0.987 -0.862 0.022 0.361 0.487
0.503 -0.010 1.166 -1.495 -0.157 -0.120 -0.629 -0.365 0.669
1.551 -0.497 -0.079 -0.153 0.470 0.043 0.768 -1.363 0.020
1.098 1.181 -0.292 -0.686 0.089 -0.646 0.192 0.660 0.814
0.977 1.340 0.036 -2.831 2.670 -1.470 -1.055 0.048 2.014
1.563 0.296 0.724 0.320 0.855 -0.164 -0.462 -0.531 -0.431
0.207 -0.560 0.729 -0.748 1.253 -1.339 -0.122 0.654 -0.918
0.890 0.884 0.949 1.127 1.229 1.330 -1.843 -3.019 0.152
-1.045 1.241 -1.687 0.985 -0.009 -0.491 -1.985 -1.163 -0.890
-1.453 0.650 -0.270 0.302 0.606 -1.843 -0.048 -1.215 1.670
-2.225 1.439 0.874 0.637 -1.288 -1.461 0.056 0.072 0.104
1.577 0.479 1.033 -2.089 1.118 0.151 0.792 0.372 -0.700
1.364 2.260 1.792 0.603 -0.442 -1.230 -2.039 0.474 1.358
-1.229 -1.251 -0.054 -2.431 0.243 -1.617 0.100 -0.516 -0.220
-0.138 0.819 0.246 2.223 1.358 1.413 -0.756 -0.680 1.257
-0.758 1.517 0.905 0.353 2.208 -0.995 -1.151 -1.495 0.804
0.706 0.931 0.890 0.088 -0.157 1.365 0.985 0.864 -2.148
0.235 0.651 0.128 -0.418 -0.430 -0.549 -0.964 0.168 -0.033
-0.098 -1.518 -0.571 0.338 -0.240 -0.709 -0.807 0.175 -0.504
-0.508 1.368 -0.070 -0.081 -1.081 -1.416 -1.513 0.565 1.674
-1.978 0.858 -1.274 2.274 0.687 -1.018 -1.214 -0.174 -0.233
-1.412 0.584 0.444 0.457 -0.771 0.399 2.250 0.501 -0.423
-1.264 1.186 1.003 -0.576 -0.268 -0.457 -0.430 0.940 1.812
1.505 0.584 -0.915 0.518 -1.816 -0.110 1.186 2.268 0.805
-1.093 0.004 -0.411 -1.685 0.218 -0.745 -2.849 0.680 0.335
0.729 -0.545 -1.314 0.032 0.392 -2.647 -0.190 0.196 1.263
1.093 -4.727 -1.114 1.295 2.849 0.704 -0.668 -1.012 1.354
1.488 -0.606 0.685 0.351 -0.260 0.518 2.226 -0.919 -0.765
1.350 -0.630 0.073 -0.045 0.173 -1.884 -0.842 -0.379 1.064
1.567 -0.830 0.228 -0.595 -0.391 -0.341 0.191 -0.986 0.705
-1.017 -1.065 -0.635 -1.032 -2.308 2.056 -1.284 0.481 -1.617
0.153 0.100 -1.967 -0.706 1.007 0.734 -1.346 -0.238 -0.164
-0.541 0.899 -1.286 0.749 0.251 -0.199 0.274 0.741 0.140
1.450 -0.103 0.678 0.157 -0.752 -1.428 -0.807 -0.397 0.498
1.145 -0.028 -0.372 0.727 -1.042 -0.882 -0.138 -0.166 -0.332
-0.906 1.444 -0.779 0.643 -0.628 -1.454 1.066 -0.577 -0.351
-0.829 -0.490 -0.719 -1.026 -0.084 0.852 0.642 0.516 -0.269
0.794 0.073 -0.199 -0.032 -0.114 1.726 -0.764 -1.067 -0.765
-0.288 0.635 -1.102 -2.052 -0.176 0.454 0.278 0.851 0.853
-0.777 1.737 0.293 -2.091 -0.320 0.142 -0.006 1.932 -0.345
0.432 -0.152 -0.383 1.118 -1.630 -1.576 0.645 2.159 -0.526
-0.719 0.720 -1.298 -1.371 -0.861 1.061 -0.997 -1.491 1.175
-0.076 0.295 -0.625 -1.719 -2.655 0.238 0.542 1.259 0.361
-0.386 -0.326 1.177 -1.628 -1.209 2.276 0.729 1.203 0.116
2.546 1.822 0.674 -0.042 -0.330 0.443 0.917 -1.619 -0.251
-1.424 0.167 -1.451 0.932 -0.069 -0.573 0.447 -2.648 -3.277
0.090 -0.299 -1.429 -0.115 0.037 -0.679 -0.149 -0.730 -0.405
0.833 -2.168 0.326 -0.238 -0.147 -0.407 0.359 -0.774 0.550
1.371 -1.195 -0.867 1.301 1.262 -0.068 -0.396 0.288 0.621
0.414 0.424 1.126 0.145 -0.100 -0.541 -0.851 -0.704 1.380
1.696 -0.666 -1.026 -1.076 -0.314 -1.082 -0.617 0.422 0.675
0.717 0.297 -0.047 -1.053 -0.510 -1.209 -0.814 -1.310 0.046
-0.228 0.119 -0.121 -1.024 0.773 1.120 -3.065 0.429 -0.210
0.209 1.938 0.059 -2.315 0.192 -1.397 0.166 -0.299 -1.504
-0.284 -1.203 0.440 1.350 -0.982 0.613 1.555 0.130 0.495
-0.180 0.277 -0.987 -1.885 2.497 -0.451 -1.136 -3.737 1.724
1.148 -1.209 0.643 -0.065 0.033 0.406 -0.337 0.335 0.081
1.257 -0.880 -0.136 -0.504 0.249 -0.768 -0.241 -0.747 0.828
0.420 -2.476 1.367 2.529 2.521 0.888 -1.956 0.809 1.556
-0.368 -1.164 -1.892 -0.008 -1.666 1.206 1.207 -1.488 0.198
0.063 -1.631 0.583 -0.173 0.445 0.744 -0.216 0.317 -0.438
0.852 -0.888 0.754 -1.265 0.484 1.182 -1.507 -1.626 0.140
-1.039 0.197 -2.203 0.479 0.071 0.156 0.896 0.013 0.648
0.710 -0.420 -1.093 0.551 -0.295 0.389 -0.043 1.116 0.287
0.894 0.172 -1.315 0.465 -2.504 0.610 -1.686 2.343 0.615
0.663 0.684 0.923 -0.559 -0.639 -1.649 -1.703 -0.214 -2.194
-0.909 -0.146 -1.547 -0.574 -1.056 0.831 -1.857 0.713 -0.436
-0.282 0.261 0.452 1.622 -0.221 0.371 -1.091 -0.690 0.990
-0.600 0.701 2.020 1.045 0.930 -0.919 1.201 -1.165 -0.499
0.907 -0.490 -0.428 -0.173 0.502 -1.151 -0.977 -2.222 -0.352
-0.708 0.416 0.555 -0.864 0.053 1.082 -0.873 -0.280 -0.826
0.044 -0.754 0.369 -1.840 0.353 1.060 0.622 0.965 -0.506
1.766 -1.211 -0.396 0.752 0.447 -0.880 0.938 0.344 0.944
-1.481 0.526 -3.189 0.044 0.417 -1.092 -0.831 -0.799 -1.140
0.403 0.365 0.421 0.728 -0.722 -1.850 0.143 0.695 -1.949
-0.580 -0.687 -0.063 -1.837 -0.203 0.134 0.169 -1.235 -0.811
-1.428 -0.440 2.130 0.901 0.135 0.293 -0.740 -0.466 0.908
1.468 -1.041 -1.182 0.540 -0.598 -0.383 0.654 0.734 -1.651
-0.135 0.348 -0.722 -0.539 0.421 1.033 -1.756 0.399 0.483
0.208 -1.045 -0.695 -0.176 -1.548 0.382 0.008 -0.803 -0.418
0.423 0.223 0.773 -0.096 1.964 0.030 -1.675 -0.887 -0.123
-0.715 2.146 1.318 0.158 0.302 -0.583 -0.229 -0.062 2.701
2.337 -0.955 -0.587 1.439 -0.300 2.212 0.544 0.325 -2.009
-0.011 -0.934 -1.325 -1.067 0.416 0.782 -1.030 -0.341 -0.090
2.513 -0.260 -0.381 1.915 -0.297 -0.175 0.429 -0.248 0.423
1.791 0.171 0.193 -0.620 -0.917 0.463 -1.548 -0.926 -0.438
-0.044 -0.568 -0.005 -1.287 1.705 -1.918 0.346 -0.613 -1.744
1.011 0.341 -0.924 -1.499 -1.034 -0.214 1.210 1.157 -0.306
0.770 0.165 -1.894 -0.955 0.736 -0.411 -0.003 0.477 -0.682
1.559 -0.344 -0.247 0.294 -0.200 -0.004 0.075 0.963 0.121
0.711 1.540 -0.752 -0.561 -0.643 0.972 0.117 1.400 -0.045
0.852 -0.850 0.025 -1.852 1.228 0.641 -0.072 0.746 -0.019
1.252 0.332 -0.378 0.119 -1.308 0.743 -1.027 0.145 0.434
-1.929 0.362 -0.643 -1.152 -0.458 -0.271 0.602 0.363 0.961 0.022 -2.519 -2.681 0.384 0.397 -1.222 -2.139 0.121 0.273 0.286 0.464 0.272 0.147 -1.054 0.360 0.645 -0.325 -0.221 -0.994 -0.827 1.276 0.196 0.877 0.278 -2.354 -0.530 0.169 0.298 0.761 1.530 0.491 0.379 -0.762 0.079 -0.931 -0.956 0.565 -0.976 0.482 -2.639 0.366 1.755 0.790 0.626 -1.404 -1.257 0.529 -1.523 0.550 -0.056 1.416 -0.664 -0.132 -1.880 -0.206 -1.713 1.921 0.355 -0.489 -1.521 -0.965 -0.120 -0.121 -0.938 0.114 -0.525 -2.060 -0.106 0.507 -0.606 0.110 -0.291 -0.239 0.419 3.186 0.484 1.627 1.269 0.261 -1.321 -2.373 0.335 -2.190 -0.467 1.075 -0.851 -1.262 2.195 1.539 -0.661 -1.203 -1.068 1.860 -0.526 -0.083 -0.930 -0.391 0.542 1.522 -0.896 0.746 1.732 0.744 -1.614 0.277 -0.235 -0.325 0.659 0.908 -1.949 -1.537 2.001 -0.037 0.304 -0.616 3.616 0.194 1.423 -0.003 -0.266 -0.277 0.222 0.109 0.119 1.450 0.394 0.229 0.616 -1.197 -0.170 0.743 -0.406 -0.962 1.319 0.198 -0.235 -0.222 0.043 1.279 1.819 1.028 -1.850 -0.340 -2.133 0.516 -0.461 0.494 -0.980 -0.842 -0.384 0.118 -0.355 -0.822 -0.326 -0.354 0.722 0.103 -0.401 -0.201 -1.365 0.703 -0.487 -0.567 -0.632 1.000 -1.083 0.884 1.669 -0.744 -2.032 1.787 0.828 -0.263 0.090 1.177 -0.343 -0.383 1.463 0.548 -0.491 -1.279 2.776 0.353 -0.753 -0.351 -1.343 -1.061 -0.055 -0.230 -0.468 -0.692 0.618 0.059 -0.644 -0.974 0.764 -0.301 -0.843 1.436 1.112 -0.727 -1.100 0.860 0.649 0.654 -1.278 -0.790 -0.523 1.361 -0.918 -1.975 0.009 -0.960 -3.364 0.232 0.383 1.013 -0.861 0.282 -1.852 -0.261 -1.090 -1.074 0.165 0.666 0.186 0.357 0.632 -0.657 0.500 -0.839 -1.827 -0.716 -0.101 0.875 -0.226 0.443 -1.356 -0.618 0.879 0.354 -0.513 0.821 1.063 0.485 -0.383 0.897 -0.372